CL	Tot_q	top_lvl_q	gen_q	fs_q	fc_q	avg|q|	gen_time	avg_t	max_t	tot_t	conv
50	790	281	281	407	102	21.8316	0.4222	0.1639	1.8598	129.5192	1
50	788	279	279	412	97	22.1345	0.4138	0.1604	1.6004	126.4211	1
50	797	283	283	412	102	20.8168	0.4111	0.1596	1.6099	127.2269	1
50	774	280	280	393	101	21.6382	0.4104	0.1625	1.6062	125.756	1
50	810	279	279	430	101	22.3062	0.4203	0.1582	1.6338	128.1521	1
50	782	276	276	411	95	22.6164	0.4077	0.1576	1.571	123.2566	1
50	763	282	282	383	98	22.4535	0.4089	0.1654	1.5869	126.1645	1
50	756	276	276	382	98	22.086	0.4105	0.1641	1.6354	124.0249	1
50	784	286	286	403	95	21.4872	0.4192	0.1668	1.7207	130.8064	1
50	763	280	280	387	96	22.0695	0.421	0.1687	1.5526	128.7085	1
