CL	Tot_q	top_lvl_q	gen_q	fs_q	fc_q	avg|q|	gen_time	avg_t	max_t	tot_t	conv
885	6867	1949	1949	4534	384	27.0307	5.0097	1.4282	14.8017	9807.7379	1
885	6447	1908	1908	4194	345	26.7321	5.1266	1.5238	14.849	9823.7264	1
885	6575	1911	1911	4302	362	26.4374	5.0625	1.4779	15.7027	9717.2906	1
885	6570	1885	1885	4347	338	26.9635	5.0328	1.4504	14.6347	9528.9976	1
885	6846	1931	1931	4540	375	26.7704	5.169	1.4644	17.2443	10025.2392	1
885	6517	1980	1980	4179	358	25.9635	5.1387	1.5678	14.4755	10217.17	1
885	6496	1944	1944	4214	338	26.7942	5.0617	1.5213	15.283	9882.6265	1
885	6540	1905	1905	4289	346	26.9711	5.0159	1.4675	14.7001	9597.6911	1
885	6687	1937	1937	4400	350	26.7124	5.1091	1.4863	14.9434	9939.1839	1
885	6590	1931	1931	4306	353	26.6672	5.2414	1.5423	15.2064	10163.5845	1
