CL	Tot_q	top_lvl_q	gen_q	fs_q	fc_q	avg|q|	gen_time	avg_t	max_t	tot_t	conv
200	2538	645	645	1660	233	30.9752	16.5714	4.22	57.6426	10710.4426	1
200	2503	642	642	1636	225	30.8929	16.1912	4.1616	59.3971	10416.5201	1
200	2554	652	652	1684	218	32.5262	16.6143	4.25	57.923	10854.4976	1
200	2622	668	668	1728	226	30.9676	16.6092	4.2398	57.049	11116.8779	1
200	2503	637	637	1644	222	31.4814	16.3396	4.1671	56.5178	10430.1634	1
200	2554	660	660	1669	225	31.0764	16.8304	4.3579	59.9946	11130.0569	1
200	2591	647	647	1713	231	31.7345	16.6108	4.1564	58.5792	10769.1607	1
200	2521	647	647	1642	232	32.3157	16.7779	4.3147	55.4125	10877.2352	1
200	2622	662	662	1731	229	31.7777	16.7995	4.2499	59.2891	11143.2617	1
200	2506	652	652	1632	222	31.0646	16.4564	4.2902	57.3369	10751.3619	1
