CL	Tot_q	top_lvl_q	gen_q	fs_q	fc_q	avg|q|	gen_time	avg_t	max_t	tot_t	conv
1128	5308	1153	1153	3427	728	11.2673	3.0271	0.6634	6.4523	3521.2868	1
1128	5363	1146	1146	3510	707	11.8335	3.0433	0.6561	6.6203	3518.6613	1
1128	5271	1149	1149	3354	768	10.3992	3.0312	0.6667	6.6008	3514.0349	1
1128	5541	1160	1160	3602	779	10.8428	3.0675	0.6479	6.5153	3590.1032	1
1128	5450	1172	1172	3508	770	10.8117	3.011	0.6533	6.3847	3560.6985	1
1128	5365	1152	1152	3510	703	11.5267	3.0197	0.6542	6.5351	3509.521	1
1128	5303	1148	1148	3403	752	11.4064	3.0269	0.6612	6.4497	3506.1197	1
1128	5204	1148	1148	3329	727	10.8524	3.0302	0.6743	6.4924	3509.1273	1
1128	5565	1158	1158	3642	765	10.9838	3.0422	0.6387	6.4916	3554.48	1
1128	5414	1157	1157	3486	771	11.5839	3.0201	0.6512	6.4548	3525.8415	1
