CL	Tot_q	top_lvl_q	gen_q	fs_q	fc_q	avg|q|	gen_time	avg_t	max_t	tot_t	conv
810	5691	1206	1206	4141	344	19.0508	2.3154	0.4953	6.7371	2818.6363	1
810	5641	1207	1207	4113	321	18.173	2.3108	0.499	6.7348	2814.8329	1
810	5690	1210	1210	4171	309	18.0914	2.3126	0.4963	6.7726	2823.7713	1
810	5602	1211	1211	4064	327	18.605	2.3199	0.5061	6.8904	2835.1431	1
810	5632	1213	1213	4117	302	18.9498	2.2735	0.4942	6.7557	2783.3959	1
810	5466	1188	1188	3931	347	18.2548	2.3326	0.5117	6.7193	2796.7334	1
810	5508	1212	1212	3965	331	18.366	2.3505	0.5219	6.8307	2874.8114	1
810	5681	1204	1204	4169	308	18.7393	2.3206	0.4963	6.7557	2819.4163	1
810	5643	1230	1230	4059	354	18.3087	2.315	0.5092	6.749	2873.611	1
810	5570	1210	1210	4023	337	18.3348	2.3412	0.5132	6.6273	2858.4783	1
