CL	Tot_q	top_lvl_q	gen_q	fs_q	fc_q	avg|q|	gen_time	avg_t	max_t	tot_t	conv
811	5702	1196	1196	4155	351	19.1543	2.6631	0.5632	7.9746	3211.2102	1
811	5768	1227	1227	4204	337	18.1808	2.688	0.5763	7.9313	3324.2274	1
811	5936	1201	1201	4344	391	18.4053	2.6416	0.539	7.9328	3199.4298	1
811	5776	1198	1198	4189	389	18.6745	2.6419	0.5526	8.0146	3191.659	1
811	5653	1207	1207	4082	364	18.8157	2.6416	0.5687	8.0754	3214.8351	1
811	5697	1220	1220	4136	341	18.8475	2.6309	0.568	7.9516	3236.0558	1
811	5663	1217	1217	4103	343	18.0911	2.6648	0.5773	7.9333	3269.0564	1
811	5933	1203	1203	4386	344	18.793	2.6214	0.536	8.0185	3179.9012	1
811	5838	1220	1220	4259	359	18.4123	2.6369	0.5556	8.0931	3243.5103	1
811	5751	1200	1200	4210	341	19.1428	2.6673	0.5611	7.9942	3226.8584	1
