CL	Tot_q	top_lvl_q	gen_q	fs_q	fc_q	avg|q|	gen_time	avg_t	max_t	tot_t	conv
885	2570	2420	2420	131	19	24.4833	0.6935	0.6871	3.2698	1765.9152	1
885	2650	2418	2418	195	37	24.2502	0.681	0.6551	3.0285	1736.0373	1
885	2606	2412	2412	168	26	24.0775	0.7172	0.6995	2.8817	1822.8925	1
885	2643	2409	2409	202	32	24.6046	0.7094	0.6806	3.2617	1798.9451	1
885	2676	2400	2400	233	43	24.318	0.7847	0.743	3.1935	1988.1507	1
885	2610	2402	2402	176	32	24.318	0.7707	0.7487	3.1799	1954.048	1
885	2634	2405	2405	193	36	25.276	0.7543	0.7275	3.0327	1916.2911	1
885	2700	2422	2422	239	39	24.2789	0.5985	0.564	2.3708	1522.8033	1
885	2593	2417	2417	154	22	24.4589	0.6167	0.6039	2.6842	1565.9796	1
885	2629	2409	2409	185	35	24.5196	0.6605	0.6367	3.0748	1674.013	1
885	2581	2414	2414	145	22	24.1058	0.6833	0.672	2.7397	1734.4772	1
