CL	Tot_q	top_lvl_q	gen_q	fs_q	fc_q	avg|q|	gen_time	avg_t	max_t	tot_t	conv
810	1693	1435	1435	233	25	17.1246	0.5716	0.5175	2.2961	876.1581	1
810	1729	1430	1430	263	36	17.0139	0.5466	0.4817	2.527	832.9133	1
810	1717	1441	1441	243	33	17.1881	0.5008	0.4465	1.9599	766.6352	1
810	1640	1426	1426	186	28	16.8378	0.5751	0.533	2.6476	874.1563	1
810	1624	1420	1420	182	22	16.9661	0.5801	0.5408	3.0098	878.1931	1
810	1668	1426	1426	218	24	17.0606	0.5745	0.524	2.558	874.0267	1
810	1686	1426	1426	230	30	16.8938	0.5652	0.5091	2.2903	858.3803	1
810	1648	1434	1434	194	20	16.6632	0.4724	0.4359	2.018	718.2815	1
810	1709	1429	1429	248	32	16.9801	0.5071	0.4514	2.2985	771.5175	1
810	1668	1431	1431	207	30	16.7614	0.5443	0.4979	2.3227	830.4481	1
810	1691	1421	1421	242	28	16.8675	0.4603	0.4109	1.8574	694.765	1
