CL	Tot_q	top_lvl_q	gen_q	fs_q	fc_q	avg|q|	gen_time	avg_t	max_t	tot_t	conv
1128	2036	1336	1336	521	179	16.697	0.4266	0.2937	1.5673	597.9753	1
1128	2281	1342	1342	719	220	16.4858	0.5453	0.3394	2.2172	774.117	1
1128	2193	1359	1359	632	202	16.4382	0.54	0.3531	2.0388	774.3227	1
1128	2247	1324	1324	697	226	16.6262	0.6068	0.3796	1.9438	853.0011	1
1128	2228	1332	1332	679	217	16.9394	0.6015	0.3815	1.9103	849.8828	1
1128	2163	1332	1332	618	213	16.7406	0.6228	0.4075	2.2028	881.3323	1
1128	2105	1354	1354	562	189	16.7473	0.4722	0.3189	1.6666	671.2245	1
1128	2039	1339	1339	518	182	16.951	0.4763	0.3293	1.9212	671.5345	1
1128	2076	1343	1343	544	189	16.9783	0.4462	0.3027	1.6761	628.414	1
1128	2159	1350	1350	613	196	16.8384	0.511	0.3362	1.8704	725.9514	1
1128	2063	1345	1345	527	191	16.824	0.5295	0.3648	1.9306	752.5244	1
