CL	Tot_q	top_lvl_q	gen_q	fs_q	fc_q	avg|q|	gen_time	avg_t	max_t	tot_t	conv
50	774	279	279	417	78	22.4987	0.3003	0.1305	1.2513	100.9937	1
50	733	283	283	386	64	21.2933	0.3756	0.1741	1.5821	127.6388	1
50	782	291	291	411	80	21.7864	0.3765	0.1683	1.747	131.6283	1
50	727	278	278	376	73	22.8253	0.4493	0.2082	1.8545	151.3637	1
50	773	283	283	417	73	22.2975	0.4839	0.2133	2.2282	164.8772	1
50	739	279	279	377	83	21.7781	0.3802	0.1726	1.2966	127.5618	1
50	735	284	284	374	77	22.151	0.344	0.1599	1.8183	117.5089	1
50	788	283	283	423	82	21.6992	0.4113	0.1782	1.5381	140.384	1
50	721	280	280	365	76	21.5742	0.3235	0.1517	1.0959	109.3802	1
50	741	285	285	376	80	22.614	0.3111	0.1436	1.0588	106.3907	1
50	764	283	283	404	77	22.8639	0.3601	0.1608	1.4115	122.8533	1
