CL	Tot_q	top_lvl_q	gen_q	fs_q	fc_q	avg|q|	gen_time	avg_t	max_t	tot_t	conv
811	1993	1437	1437	497	59	18.6392	0.4508	0.3448	1.8694	687.2034	1
811	2064	1440	1440	566	58	19.2926	0.5297	0.3928	2.2821	810.6415	1
811	2109	1451	1451	589	69	18.312	0.5256	0.3832	2.088	808.2518	1
811	1982	1449	1449	495	38	18.5641	0.6396	0.4996	2.3114	990.1132	1
811	1969	1449	1449	469	51	17.8685	0.6529	0.5137	2.2912	1011.532	1
811	1969	1445	1445	480	44	18.2453	0.678	0.5302	2.9177	1043.9536	1
811	2038	1445	1445	535	58	18.5927	0.6729	0.5084	2.6981	1036.0514	1
811	2042	1452	1452	533	57	18.2165	0.5141	0.3879	2.323	792.1248	1
811	2006	1462	1462	499	45	18.5633	0.5979	0.4635	2.2903	929.8022	1
811	1977	1448	1448	484	45	17.7602	0.4895	0.3801	2.0285	751.4906	1
811	2043	1447	1447	536	60	18.0759	0.4827	0.3622	1.9889	740.0682	1
