CL	Tot_q	top_lvl_q	gen_q	fs_q	fc_q	avg|q|	gen_time	avg_t	max_t	tot_t	conv
200	2464	652	652	1609	203	31.7946	0.7693	0.2307	2.1986	568.3239	1
200	2477	651	651	1616	210	31.3448	0.9283	0.2764	2.8971	684.7181	1
200	2503	646	646	1641	216	31.1031	0.9769	0.2868	3.131	717.9843	1
200	2582	653	653	1721	208	31.0763	1.0024	0.2869	3.7375	740.7027	1
200	2594	653	653	1721	220	31.4776	0.9936	0.2843	2.4811	737.4447	1
200	2612	656	656	1722	234	30.4104	1.0513	0.2999	2.7365	783.4279	1
200	2497	642	642	1636	219	32.2924	1.0199	0.2988	3.3251	746.1654	1
200	2563	654	654	1685	224	31.462	1.0078	0.2931	3.1471	751.1818	1
200	2587	640	640	1728	219	31.9161	0.8716	0.2455	2.5838	635.0981	1
200	2607	664	664	1722	221	30.0779	0.839	0.2409	2.2891	628.0928	1
200	2496	647	647	1640	209	30.9431	0.9404	0.2772	2.6832	691.9469	1
