CL	Tot_q	top_lvl_q	gen_q	fs_q	fc_q	avg|q|	gen_time	avg_t	max_t	tot_t	conv
1128	1697	1368	1368	152	177	17.1998	0.4049	0.3688	1.5646	625.9177	1
1128	1681	1376	1376	133	172	17.3177	0.4094	0.3781	1.5793	635.617	1
1128	1657	1372	1372	114	171	17.245	0.4082	0.3814	1.5761	632.0447	1
1128	1658	1370	1370	118	170	17.3408	0.4064	0.3789	1.5834	628.2902	1
1128	1642	1381	1381	94	167	17.2935	0.4085	0.3869	1.5801	635.3198	1
1128	1639	1383	1383	92	164	17.2855	0.4107	0.3899	1.5769	639.0516	1
1128	1669	1374	1374	120	175	17.1654	0.4108	0.3806	1.5649	635.2786	1
1128	1678	1375	1375	130	173	17.2223	0.4091	0.3777	1.5836	633.8281	1
1128	1654	1371	1371	108	175	17.2044	0.4087	0.3822	1.576	632.077	1
