CL	Tot_q	top_lvl_q	gen_q	fs_q	fc_q	avg|q|	gen_time	avg_t	max_t	tot_t	conv
885	2567	2401	2401	140	26	25.0199	0.5521	0.5528	2.2164	1418.9966	1
885	2552	2418	2418	112	22	24.1787	0.5501	0.5571	2.2069	1421.8433	1
885	2548	2391	2391	131	26	25.0553	0.5492	0.5519	2.203	1406.2246	1
885	2559	2403	2403	130	26	24.6776	0.5486	0.5513	2.2099	1410.8345	1
885	2544	2397	2397	121	26	24.3306	0.5487	0.5531	2.1931	1406.9668	1
885	2534	2413	2413	105	16	24.4191	0.5498	0.5598	2.197	1418.4856	1
885	2588	2391	2391	161	36	24.9699	0.5446	0.5394	2.1808	1395.934	1
885	2525	2402	2402	102	21	24.4915	0.5511	0.5606	2.2442	1415.5469	1
885	2586	2397	2397	159	30	25.2471	0.5485	0.5447	2.1882	1408.6738	1
885	2618	2401	2401	182	35	25.4037	0.5481	0.5388	2.1998	1410.4886	1
