CL	Tot_q	top_lvl_q	gen_q	fs_q	fc_q	avg|q|	gen_time	avg_t	max_t	tot_t	conv
200	2194	669	669	1295	230	27.3455	0.7682	0.2805	2.094	615.4213	1
200	2170	660	660	1302	208	27.3475	0.7584	0.2765	2.107	600.0223	1
200	2225	675	675	1311	239	26.8337	0.7635	0.2773	2.1775	616.9985	1
200	2202	665	665	1305	232	27.2548	0.7612	0.2761	2.0403	608.0461	1
200	2194	662	662	1300	232	27.0442	0.7611	0.276	2.1069	605.5626	1
200	2170	672	672	1289	209	27.8235	0.7599	0.2814	2.1022	610.6168	1
200	2170	659	659	1299	212	26.8581	0.7663	0.2792	2.1034	605.8876	1
200	2209	664	664	1313	232	26.8579	0.7622	0.2747	2.0936	606.9106	1
200	2174	665	665	1298	211	26.9977	0.7556	0.2774	2.1081	603.0573	1
200	2207	670	670	1313	224	27.4604	0.7565	0.2753	1.9584	607.4963	1
