CL	Tot_q	top_lvl_q	gen_q	fs_q	fc_q	avg|q|	gen_time	avg_t	max_t	tot_t	conv
50	687	284	284	331	72	23.9432	0.2741	0.1518	1.0253	104.3133	1
50	676	283	283	326	67	23.6908	0.2738	0.1529	1.0624	103.3756	1
50	676	285	285	315	76	23.7692	0.2788	0.1571	1.3996	106.2042	1
50	663	288	288	307	68	22.2956	0.2791	0.1597	1.2013	105.902	1
50	683	290	290	324	69	22.9839	0.2742	0.1553	1.1322	106.0636	1
50	690	288	288	327	75	22.9667	0.2777	0.1547	1.4738	106.7651	1
50	680	291	291	320	69	22.7529	0.2757	0.1553	1.014	105.6176	1
50	687	290	290	325	72	23.147	0.276	0.1548	1.2297	106.3618	1
50	677	289	289	316	72	22.7784	0.2805	0.1587	1.5669	107.4722	1
50	696	288	288	326	82	23.671	0.2797	0.1557	1.0654	108.3817	1
