CL	Tot_q	top_lvl_q	gen_q	fs_q	fc_q	avg|q|	gen_time	avg_t	max_t	tot_t	conv
810	1653	1424	1424	196	33	17.5209	0.4263	0.4034	1.8172	666.8622	1
810	1647	1440	1440	183	24	17.2854	0.4339	0.4154	1.8103	684.1587	1
810	1632	1440	1440	167	25	16.9093	0.4256	0.4118	1.8219	672.0577	1
810	1681	1421	1421	220	40	17.6454	0.4253	0.3955	1.818	664.9048	1
810	1666	1436	1436	196	34	17.5276	0.4212	0.3993	1.811	665.3095	1
810	1659	1439	1439	191	29	17.6022	0.4311	0.41	1.8286	680.2396	1
810	1611	1436	1436	154	21	16.9485	0.423	0.4136	1.815	666.3515	1
810	1700	1425	1425	235	40	18.0782	0.4248	0.3922	1.8179	666.761	1
810	1658	1425	1425	201	32	17.5856	0.4285	0.4043	1.8872	670.3823	1
810	1627	1441	1441	162	24	16.6693	0.4275	0.4149	1.8147	674.9699	1
