CL	Tot_q	top_lvl_q	gen_q	fs_q	fc_q	avg|q|	gen_time	avg_t	max_t	tot_t	conv
811	1857	1448	1448	364	45	17.0991	0.4506	0.3852	1.8748	715.2497	1
811	1851	1446	1446	363	42	17.4446	0.4491	0.3846	1.8475	711.8839	1
811	1868	1449	1449	376	43	17.2778	0.4546	0.3863	1.8726	721.5633	1
811	1836	1469	1469	332	35	17.2516	0.4548	0.3979	1.8693	730.6111	1
811	1831	1450	1450	343	38	17.0677	0.4537	0.3935	1.8648	720.5739	1
811	1848	1453	1453	351	44	17.3014	0.4514	0.3892	1.8591	719.1594	1
811	1810	1461	1461	311	38	16.9343	0.4556	0.4019	1.8636	727.3849	1
811	1887	1455	1455	386	46	17.6137	0.4515	0.3816	1.8752	720.0551	1
811	1885	1466	1466	374	45	17.5729	0.4487	0.3826	1.8551	721.2241	1
811	1829	1454	1454	335	40	17.5664	0.4498	0.3918	1.9314	716.668	1
