CL	Tot_q	top_lvl_q	gen_q	fs_q	fc_q	avg|q|	gen_time	avg_t	max_t	tot_t	conv
885	5488	5173	5173	311	4	37.5791	0.1029	0.1027	1.2751	563.8599	1
885	5444	5178	5178	265	1	37.8439	0.1178	0.1185	1.2411	645.236	1
885	5473	5190	5190	283	0	37.7044	0.1056	0.106	1.1462	579.8996	1
885	5462	5159	5159	297	6	37.7093	0.1141	0.114	1.1606	622.9094	1
885	5469	5170	5170	294	5	37.7617	0.122	0.1218	1.1706	666.0693	1
885	5513	5182	5182	325	6	37.515	0.1055	0.105	1.1245	578.7821	1
885	5477	5167	5167	304	6	37.665	0.1157	0.1155	1.2189	632.6606	1
885	5429	5180	5180	249	0	37.7913	0.1192	0.1204	1.243	653.42	1
885	5469	5188	5188	281	0	37.7129	0.1096	0.11	1.3142	601.8209	1
885	5515	5200	5200	308	7	37.3594	0.11	0.1098	1.1924	605.3115	1
885	5552	5205	5205	343	4	37.2972	0.1187	0.1178	1.1669	653.9303	1
885	5517	5189	5189	327	1	37.4734	0.092	0.0923	1.1067	509.0032	1
885	5439	5166	5166	272	1	37.8169	0.092	0.0931	1.0779	506.3763	1
885	5434	5181	5181	253	0	37.878	0.0917	0.0932	0.9896	506.5657	1
885	5483	5189	5189	294	0	37.6247	0.092	0.0928	1.1084	508.963	1
885	5484	5178	5178	306	0	37.6149	0.0922	0.0928	1.1219	508.6444	1
885	5416	5164	5164	251	1	37.9902	0.0923	0.0938	1.0524	508.0417	1
885	5449	5176	5176	272	1	37.8046	0.0919	0.0931	1.02	507.391	1
885	5445	5183	5183	262	0	37.7972	0.0916	0.093	1.1135	506.1191	1
885	5442	5172	5172	269	1	37.8249	0.092	0.0933	1.0506	507.6133	1
885	5468	5181	5181	287	0	37.699	0.0922	0.0931	1.0411	508.847	1
