CL	Tot_q	top_lvl_q	gen_q	fs_q	fc_q	avg|q|	gen_time	avg_t	max_t	tot_t	conv
200	2503	651	651	1626	226	31.656	0.1868	0.0536	1.1375	134.1426	1
200	2541	643	643	1676	222	32.4376	0.1918	0.054	1.1505	137.1034	1
200	2560	656	656	1668	236	32.0781	0.2019	0.0573	1.1307	146.6058	1
200	2565	660	660	1680	225	30.0043	0.2151	0.0616	1.1946	157.8914	1
200	2507	648	648	1645	214	30.4172	0.1871	0.0538	1.1956	134.84	1
200	2598	654	654	1719	225	30.8934	0.2024	0.0563	1.2339	146.1629	1
200	2557	639	639	1689	229	31.9245	0.2064	0.0571	1.1903	146.0697	1
200	2407	659	659	1521	227	30.0997	0.204	0.0625	1.1828	150.4015	1
200	2459	650	650	1574	235	31.307	0.195	0.0568	1.1471	139.7203	1
200	2485	664	664	1605	216	30.0354	0.1903	0.0561	1.1125	139.5074	1
200	2535	653	653	1652	230	31.1542	0.1986	0.0568	1.2112	144.0289	1
200	2476	651	651	1606	219	30.8263	0.1698	0.0492	1.0797	121.7861	1
200	2545	649	649	1668	228	31.6794	0.1619	0.0457	1.0823	116.43	1
200	2536	656	656	1664	216	30.5438	0.1729	0.049	1.0847	124.3577	1
200	2538	645	645	1678	215	31.1797	0.1675	0.0469	1.0956	119.1339	1
200	2528	656	656	1660	212	30.3861	0.1669	0.0477	1.0832	120.4849	1
200	2486	640	640	1633	213	31.6561	0.1645	0.0469	1.0804	116.5368	1
200	2557	639	639	1711	207	31.2229	0.1714	0.0472	1.0855	120.6096	1
200	2419	644	644	1563	212	30.7507	0.1663	0.0488	1.0924	117.9699	1
200	2552	649	649	1685	218	31.2716	0.1685	0.0472	1.0864	120.3936	1
200	2503	645	645	1645	213	30.8626	0.1591	0.0454	1.0819	113.6402	1
