CL	Tot_q	top_lvl_q	gen_q	fs_q	fc_q	avg|q|	gen_time	avg_t	max_t	tot_t	conv
810	3823	2795	2795	893	135	24.5734	0.1266	0.0976	1.1298	372.9498	1
810	3781	2762	2762	897	122	24.0767	0.1327	0.102	1.1582	385.6274	1
810	3790	2784	2784	891	115	24.6214	0.1287	0.0994	1.1676	376.8557	1
810	3788	2781	2781	899	108	24.5544	0.1399	0.1083	1.261	410.3901	1
810	3755	2763	2763	873	119	24.4559	0.1321	0.1026	1.1994	385.2273	1
810	3816	2801	2801	887	128	24.9117	0.1273	0.0986	1.2326	376.088	1
810	3830	2787	2787	918	125	25.0634	0.1336	0.1022	1.251	391.4698	1
810	3908	2804	2804	974	130	24.8831	0.1363	0.1033	1.2677	403.7502	1
810	3832	2805	2805	910	117	24.1568	0.1348	0.104	1.1702	398.6499	1
810	3813	2783	2783	906	124	24.5862	0.1304	0.1005	1.1667	383.3142	1
810	3796	2806	2806	872	118	24.3477	0.138	0.1077	1.2437	408.7503	1
810	3759	2819	2819	822	118	24.3908	0.125	0.0984	1.1389	369.768	1
810	3809	2814	2814	876	119	24.4287	0.1215	0.0942	1.0902	358.8441	1
810	3705	2779	2779	808	118	24.4011	0.1219	0.096	1.1519	355.7085	1
810	3908	2821	2821	944	143	24.6645	0.1186	0.0901	1.1041	352.0624	1
810	3801	2798	2798	877	126	24.4591	0.1198	0.0927	1.0875	352.4068	1
810	3785	2780	2780	884	121	24.9931	0.1222	0.0943	1.1189	357.0796	1
810	3710	2791	2791	797	122	24.5957	0.1218	0.0962	1.0966	356.8836	1
810	3855	2793	2793	939	123	25.1847	0.1266	0.0962	1.1639	370.8955	1
810	3868	2822	2822	918	128	24.7283	0.1202	0.0922	1.0975	356.4832	1
810	3897	2798	2798	965	134	24.7475	0.1247	0.094	1.1562	366.2016	1
