CL	Tot_q	top_lvl_q	gen_q	fs_q	fc_q	avg|q|	gen_time	avg_t	max_t	tot_t	conv
811	4004	2817	2817	1035	152	24.8319	0.1303	0.0963	1.2008	385.6807	1
811	3803	2781	2781	908	114	24.8499	0.1325	0.102	1.187	387.8599	1
811	4054	2825	2825	1071	158	24.5826	0.1402	0.1031	1.225	418.1158	1
811	4061	2808	2808	1105	148	24.5969	0.1394	0.1023	1.2676	415.291	1
811	3903	2784	2784	980	139	24.5393	0.136	0.1021	1.2732	398.5063	1
811	3889	2776	2776	982	131	24.7007	0.1341	0.1006	1.1698	391.4028	1
811	4006	2791	2791	1074	141	24.8427	0.1377	0.1015	1.2165	406.4537	1
811	3886	2791	2791	963	132	24.6508	0.1372	0.104	1.2687	404.1716	1
811	4099	2815	2815	1135	149	24.5177	0.1368	0.0993	1.2087	407.0055	1
811	3903	2782	2782	986	135	24.5268	0.1362	0.1023	1.1956	399.1235	1
811	4073	2834	2834	1084	155	24.6484	0.1385	0.102	1.1896	415.3326	1
811	3906	2791	2791	983	132	24.7358	0.123	0.0923	1.1091	360.4192	1
811	3982	2846	2846	992	144	24.6519	0.1291	0.0968	1.1006	385.2745	1
811	4046	2821	2821	1080	145	24.2363	0.1273	0.0931	1.0899	376.7499	1
811	3938	2790	2790	1003	145	24.8205	0.1243	0.0926	1.1178	364.4672	1
811	3990	2836	2836	1001	153	24.3581	0.1283	0.0957	1.0942	381.6612	1
811	3908	2785	2785	996	127	24.9271	0.1271	0.095	1.1269	371.4177	1
811	3860	2796	2796	931	133	24.8694	0.1254	0.0954	1.0943	368.156	1
811	3961	2820	2820	1006	135	24.9477	0.1249	0.0933	1.1759	369.686	1
811	3823	2793	2793	901	129	24.5334	0.1242	0.0953	1.1658	364.3192	1
811	4023	2800	2800	1079	144	24.4509	0.1257	0.0919	1.1319	369.7423	1
