CL	Tot_q	top_lvl_q	gen_q	fs_q	fc_q	avg|q|	gen_time	avg_t	max_t	tot_t	conv
1128	2130	1598	1598	442	90	17.6592	0.172	0.1371	1.1573	291.9889	1
1128	2128	1602	1602	422	104	18.1396	0.177	0.1422	1.1916	302.5357	1
1128	2115	1591	1591	423	101	17.9385	0.1805	0.1444	1.2955	305.4292	1
1128	2191	1591	1591	495	105	18.612	0.1781	0.1383	1.2425	302.9634	1
1128	2165	1582	1582	483	100	18.3788	0.1767	0.1377	1.1541	298.1758	1
1128	2171	1596	1596	473	102	18.444	0.1782	0.1395	1.2795	302.8312	1
1128	2226	1586	1586	525	115	18.084	0.1874	0.1433	1.3205	318.9422	1
1128	2175	1596	1596	476	103	18.1513	0.1923	0.1507	1.3008	327.7917	1
1128	2106	1569	1569	445	92	18.4141	0.1739	0.1379	1.12	290.4676	1
1128	2195	1600	1600	486	109	17.7763	0.1904	0.1479	1.2801	324.6257	1
1128	2130	1595	1595	424	111	18.2568	0.1836	0.1471	1.4089	313.2198	1
1128	2078	1600	1600	396	82	18.5654	0.151	0.1237	1.1023	257.1456	1
1128	2084	1581	1581	412	91	18.5034	0.1528	0.1236	1.1045	257.6295	1
1128	2101	1599	1599	415	87	17.9643	0.1556	0.1261	1.1483	264.8878	1
1128	2067	1597	1597	388	82	17.8268	0.1574	0.1292	1.111	266.9994	1
1128	2123	1578	1578	453	92	18.1776	0.1546	0.1225	1.1114	260.0735	1
1128	2025	1581	1581	365	79	18.3156	0.1515	0.1259	1.1446	254.9835	1
1128	2153	1594	1594	464	95	17.7826	0.1614	0.127	1.1997	273.4482	1
1128	2089	1595	1595	404	90	18.1331	0.1552	0.1262	1.1764	263.5661	1
1128	2078	1593	1593	385	100	17.7623	0.1554	0.1267	1.1142	263.2869	1
1128	2121	1595	1595	440	86	17.943	0.16	0.1279	1.104	271.2158	1
