CL	Tot_q	top_lvl_q	gen_q	fs_q	fc_q	avg|q|	gen_time	avg_t	max_t	tot_t	conv
50	783	287	287	392	104	21.4662	0.1205	0.0509	0.9375	39.89	1
50	767	274	274	389	104	21.8488	0.1311	0.0555	0.872	42.5345	1
50	765	282	282	395	88	22.0954	0.1286	0.0551	0.6953	42.1794	1
50	751	279	279	376	96	21.8375	0.1296	0.0573	0.9212	43.0192	1
50	784	281	281	409	94	21.2411	0.1265	0.0526	0.7261	41.2672	1
50	767	280	280	389	98	22.0522	0.1381	0.0588	0.9181	45.1089	1
50	774	283	283	388	103	21.8049	0.1318	0.0571	1.086	44.166	1
50	786	284	284	402	100	21.2392	0.1445	0.0605	1.0968	47.5875	1
50	815	290	290	431	94	21.8798	0.1239	0.0507	1.0866	41.3164	1
50	798	286	286	415	97	21.5965	0.1305	0.0544	0.8448	43.4334	1
50	793	282	282	409	102	21.2459	0.1354	0.0564	1.0768	44.6954	1
50	775	274	274	397	104	21.7471	0.1063	0.0442	0.554	34.2677	1
50	784	284	284	410	90	21.3355	0.1033	0.0439	0.5742	34.4295	1
50	764	277	277	385	102	21.4974	0.1044	0.0447	0.4842	34.1501	1
50	766	276	276	389	101	22.4321	0.1039	0.0443	0.5293	33.9352	1
50	791	277	277	407	107	21.4185	0.108	0.0444	0.5508	35.1509	1
50	786	289	289	400	97	22.1158	0.1045	0.045	1.0852	35.3707	1
50	774	275	275	399	100	22.3217	0.1023	0.0431	0.5236	33.3557	1
50	767	279	279	387	101	22.1773	0.1022	0.0439	0.5449	33.6919	1
50	737	282	282	362	93	22.1791	0.1028	0.0462	0.7579	34.0757	1
50	754	274	274	380	100	21.7401	0.1033	0.0444	0.5081	33.452	1
