CL	Tot_q	top_lvl_q	gen_q	fs_q	fc_q	avg|q|	gen_time	avg_t	max_t	tot_t	conv
811	4103	2782	2782	1116	161	25.1228	0.1313	0.2213	2.033	907.7973	1
811	3935	2787	2787	988	139	24.709	0.1323	0.2299	2.1535	904.736	1
811	4153	2804	2804	1141	165	24.5521	0.1385	0.2152	2.2188	893.9154	1
811	4051	2781	2781	1053	173	24.2091	0.1336	0.2276	2.0248	921.9688	1
811	4029	2796	2796	1053	157	25.1745	0.1307	0.2216	1.9788	892.9173	1
811	3820	2757	2757	887	144	24.1573	0.1356	0.2315	2.2689	884.2489	1
811	3866	2737	2737	965	130	23.7688	0.1399	0.2349	2.0978	907.9763	1
811	3885	2788	2788	933	135	24.0425	0.1329	0.2288	2.0368	889.0081	1
811	3908	2787	2787	964	136	24.4171	0.1382	0.232	2.2882	906.7593	1
811	4019	2793	2793	1051	148	24.1329	0.1413	0.2289	2.0854	920.0309	1
811	3963	2786	2786	990	150	24.086	0.1393	0.2284	1.9835	905.2465	1
811	3978	2776	2776	1029	146	24.4761	0.1395	0.2289	2.3288	910.4287	1
811	3894	2776	2776	958	134	24.4389	0.1299	0.224	2.3091	872.218	1
811	3867	2788	2788	901	135	24.3768	0.1287	0.2308	2.1575	892.3619	1
811	3977	2773	2773	1020	133	24.128	0.1243	0.2156	1.8838	857.4174	1
811	4103	2801	2801	1095	151	24.3556	0.1257	0.2064	1.8739	847.005	1
811	3890	2760	2760	958	130	24.2416	0.1232	0.219	1.9777	852.0635	1
811	3880	2773	2773	939	138	24.6278	0.1254	0.2168	1.8599	841.1579	1
811	3977	2793	2793	1006	145	24.5124	0.1216	0.2077	1.9482	826.1477	1
811	3996	2788	2788	1008	156	24.0303	0.1258	0.2098	1.8683	838.2102	1
811	3988	2804	2804	999	142	24.0948	0.1232	0.2167	1.9354	864.0845	1
811	3830	2778	2778	889	128	24.0287	0.121	0.2138	1.7724	818.9019	1
