CL	Tot_q	top_lvl_q	gen_q	fs_q	fc_q	avg|q|	gen_time	avg_t	max_t	tot_t	conv
50	710	273	273	360	77	22.8423	0.3884	0.1838	1.5618	130.5114	1
50	733	282	282	370	81	23.1664	0.3726	0.1749	1.6062	128.1852	1
50	731	278	278	372	81	22.1245	0.4145	0.1927	1.7071	140.8969	1
50	756	285	285	393	78	22.5833	0.4237	0.1942	1.6828	146.8067	1
50	727	284	284	369	74	21.9752	0.3823	0.183	1.6517	133.0577	1
50	749	281	281	394	74	22.7143	0.3863	0.1766	1.6836	132.2787	1
50	786	281	281	426	79	22.4847	0.3911	0.1696	1.5663	133.3434	1
50	773	283	283	411	79	22.088	0.3594	0.1583	1.4242	122.3428	1
50	781	288	288	407	86	21.3265	0.388	0.1706	1.5109	133.2452	1
50	776	287	287	416	73	22.4034	0.3725	0.1672	1.603	129.713	1
