CL	Tot_q	top_lvl_q	gen_q	fs_q	fc_q	avg|q|	gen_time	avg_t	max_t	tot_t	conv
1128	4432	1069	1069	2289	446	10.9167	0.3531	0.2383	1.9569	1056.1562	1
1128	4241	1066	1066	2134	450	11.4537	0.3468	0.2493	1.9262	1057.0727	1
1128	4632	1086	1086	2490	449	10.3301	0.3645	0.2355	1.9395	1090.7649	1
1128	4453	1086	1086	2313	463	10.929	0.3595	0.2439	1.7647	1085.9867	1
1128	4352	1076	1076	2200	451	10.7169	0.3529	0.2402	1.7996	1045.4259	1
1128	4483	1059	1059	2366	474	11.772	0.3427	0.232	1.9801	1039.8647	1
1128	4757	1068	1068	2601	467	10.9538	0.3659	0.2291	2.0268	1089.8346	1
1128	4529	1077	1077	2413	451	11.3177	0.3493	0.2367	2.1534	1071.8289	1
1128	4487	1074	1074	2319	470	10.5712	0.3739	0.241	1.8462	1081.3772	1
1128	4677	1080	1080	2511	461	10.1835	0.3494	0.2257	2.0376	1055.6035	1
1128	4547	1082	1082	2397	453	10.8238	0.3525	0.2353	1.8614	1070.0477	1
1128	4040	1055	1055	1944	451	11.4599	0.3534	0.2662	2.6075	1075.4436	1
1128	4711	1065	1065	2547	470	11.0459	0.3793	0.238	2.1793	1121.169	1
1128	4646	1063	1063	2493	446	10.7193	0.361	0.2308	1.8237	1072.2246	1
1128	4941	1077	1077	2740	479	10.9792	0.3457	0.2116	1.8306	1045.4235	1
1128	4645	1083	1083	2485	452	10.6463	0.3637	0.2328	1.8893	1081.5392	1
1128	4622	1087	1087	2460	466	10.3734	0.3656	0.2359	1.963	1090.5074	1
1128	4980	1093	1093	2816	464	11.1717	0.3696	0.2231	1.9394	1111.1806	1
1128	4684	1085	1085	2511	453	11.0331	0.3366	0.2197	1.7954	1029.1818	1
1128	4619	1063	1063	2448	482	10.8127	0.3362	0.2212	1.855	1021.8556	1
