CL	Tot_q	top_lvl_q	gen_q	fs_q	fc_q	avg|q|	gen_time	avg_t	max_t	tot_t	conv
1128	4610	1082	1082	2424	451	10.3983	3.0496	0.8724	7.3019	4021.8156	1
1128	4615	1078	1078	2495	447	11.6507	3.015	0.8601	7.4411	3969.2964	1
1128	4395	1079	1079	2205	460	9.7882	3.0152	0.9039	7.3256	3972.4594	1
1128	4506	1092	1092	2318	439	10.5182	3.0355	0.8951	7.4853	4033.2226	1
1128	4138	1080	1080	1985	424	10.5979	3.0425	0.9678	7.4968	4004.5771	1
1128	4493	1075	1075	2289	458	10.5106	3.0431	0.8881	7.7264	3990.2865	1
1128	4488	1075	1075	2283	461	10.3752	3.0684	0.8958	7.5494	4020.1678	1
1128	4648	1074	1074	2429	466	10.3492	3.0556	0.8616	7.8575	4004.7965	1
1128	4530	1074	1074	2336	451	10.3841	3.0803	0.8898	7.3154	4030.8032	1
1128	4629	1079	1079	2431	429	10.5695	2.8763	0.8242	7.1568	3815.2812	1
