CL	Tot_q	top_lvl_q	gen_q	fs_q	fc_q	avg|q|	gen_time	avg_t	max_t	tot_t	conv
885	6828	1864	1864	4414	376	26.1957	6.2434	1.8565	20.6761	12675.8587	1
885	6852	1859	1859	4326	374	24.5651	6.1119	1.8181	19.101	12457.3215	1
885	6899	1837	1837	4401	334	25.2432	6.0672	1.7735	19.9374	12235.7	1
885	6779	1905	1905	4264	346	24.8361	5.973	1.8389	20.4572	12466.0227	1
885	6801	1888	1888	4389	385	26.3433	5.9662	1.8082	20.0269	12297.6934	1
885	6828	1841	1841	4328	345	24.5641	5.8705	1.7412	19.299	11888.5919	1
885	6655	1907	1907	4320	354	25.3342	5.9176	1.8454	19.1218	12281.11	1
885	6692	1862	1862	4169	376	25.3314	5.9142	1.8042	19.844	12073.8747	1
885	6826	1859	1859	4239	359	23.9799	6.139	1.8287	20.252	12482.9344	1
885	6850	1859	1859	4297	383	24.0886	6.2366	1.8451	20.5819	12638.7396	1
