CL	Tot_q	top_lvl_q	gen_q	fs_q	fc_q	avg|q|	gen_time	avg_t	max_t	tot_t	conv
1128	2300	1271	1271	595	211	15.0878	0.522	0.5849	2.5541	1345.1813	1
1128	2330	1266	1266	603	220	14.7009	0.5856	0.6231	2.5509	1451.9166	1
1128	2374	1260	1260	627	230	14.4065	0.6012	0.6229	2.9747	1478.7142	1
1128	2264	1273	1273	550	212	14.5645	0.5601	0.6224	2.7021	1409.2021	1
1128	2272	1273	1273	520	206	13.9481	0.5486	0.6119	2.673	1390.1807	1
1128	2203	1270	1270	479	200	14.4884	0.5459	0.6251	2.5247	1377.0766	1
1128	2243	1277	1277	525	198	14.683	0.5287	0.6053	2.5397	1357.664	1
1128	2289	1272	1272	530	206	14.1664	0.5325	0.5981	2.5666	1369.0326	1
1128	2196	1263	1263	510	213	14.9786	0.5184	0.6089	2.5199	1337.2025	1
1128	2228	1271	1271	524	204	14.5848	0.5125	0.5965	2.3366	1329.0355	1
