CL	Tot_q	top_lvl_q	gen_q	fs_q	fc_q	avg|q|	gen_time	avg_t	max_t	tot_t	conv
50	756	279	279	385	92	21.3638	0.1211	0.0634	0.9652	47.9335	1
50	758	280	280	386	92	22.0594	0.1114	0.0588	0.6419	44.5916	1
50	761	278	278	387	96	20.9146	0.1198	0.0624	0.72	47.4971	1
50	772	281	281	397	94	21.7202	0.133	0.0714	0.9188	55.1022	1
50	769	283	283	392	94	21.0975	0.1151	0.0625	0.8527	48.0399	1
50	784	281	281	398	105	21.676	0.1143	0.0583	0.8872	45.6748	1
50	769	283	283	391	95	21.502	0.1244	0.0654	0.8459	50.2881	1
50	744	275	275	371	98	22.0067	0.1235	0.0655	0.8264	48.7678	1
50	762	280	280	382	100	22.2126	0.1296	0.0684	0.9408	52.0959	1
50	768	282	282	388	98	22.3281	0.1089	0.057	0.8355	43.763	1
50	812	279	279	432	101	21.4631	0.1052	0.0517	0.5685	41.9658	1
50	785	283	283	405	97	21.4917	0.1124	0.0589	0.7125	46.236	1
50	817	276	276	434	107	21.7625	0.114	0.0544	0.8822	44.4721	1
50	767	275	275	386	106	21.3429	0.1456	0.0758	1.1837	58.1035	1
50	767	282	282	390	95	21.7275	0.1427	0.0762	0.9407	58.4671	1
50	819	283	283	435	101	21.1697	0.1343	0.0656	0.8251	53.7599	1
50	810	284	284	421	105	21.5037	0.1163	0.0595	1.0123	48.2068	1
50	726	275	275	359	92	22.4201	0.1152	0.0629	1.0256	45.6533	1
50	799	281	281	419	99	21.8861	0.1323	0.0658	1.0279	52.6014	1
50	759	282	282	379	98	21.8748	0.0999	0.0542	0.6748	41.104	1
50	764	279	279	392	93	21.7762	0.1092	0.056	0.7028	42.8063	1
