CL	Tot_q	top_lvl_q	gen_q	fs_q	fc_q	avg|q|	gen_time	avg_t	max_t	tot_t	conv
810	3736	2831	2831	767	108	23.8943	0.1554	0.2559	2.0513	955.9541	1
810	3869	2849	2849	870	133	24.2926	0.1835	0.2844	2.8608	1100.4754	1
810	3880	2841	2841	879	135	24.6113	0.1739	0.2676	2.4594	1038.4544	1
810	3779	2869	2869	772	118	24.0074	0.177	0.2807	2.6142	1060.8869	1
810	3820	2838	2838	830	134	24.5589	0.1752	0.2781	2.3607	1062.4529	1
810	3799	2836	2836	803	136	23.9803	0.1784	0.2759	2.2619	1048.1974	1
810	3765	2826	2826	803	112	24.3726	0.1813	0.2816	2.4219	1060.241	1
810	3847	2859	2859	832	138	23.8487	0.1829	0.2857	2.7672	1099.2191	1
810	3868	2857	2857	844	136	24.2397	0.2018	0.2977	2.2427	1151.6267	1
810	3845	2825	2825	871	127	24.3873	0.2035	0.3058	2.7572	1175.614	1
810	3949	2864	2864	921	144	24.3629	0.2089	0.3026	2.7766	1195.0572	1
