CL	Tot_q	top_lvl_q	gen_q	fs_q	fc_q	avg|q|	gen_time	avg_t	max_t	tot_t	conv
50	813	284	284	422	107	22.6421	0.4612	0.1903	1.9102	154.6946	1
50	800	279	279	421	100	21.6288	0.4439	0.1838	1.862	147.0489	1
50	764	273	273	392	99	21.894	0.4323	0.1844	1.7226	140.8917	1
50	792	282	282	412	98	22.2058	0.4318	0.1832	1.6447	145.0748	1
50	777	279	279	398	100	22.0682	0.4347	0.186	2.1253	144.5326	1
50	748	276	276	372	100	22.258	0.4278	0.189	1.7261	141.4068	1
50	783	275	275	407	101	22.1354	0.4441	0.1857	2.1285	145.4349	1
50	757	280	280	381	96	22.3091	0.4407	0.1948	1.7141	147.4919	1
50	760	276	276	386	98	21.9184	0.4349	0.1888	1.717	143.4605	1
50	735	270	270	372	93	22.7592	0.4087	0.1806	1.6069	132.7059	1
