CL	Tot_q	top_lvl_q	gen_q	fs_q	fc_q	avg|q|	gen_time	avg_t	max_t	tot_t	conv
810	3750	2742	2742	853	116	23.5939	0.1378	0.2461	2.3835	923.0502	1
810	3763	2757	2757	859	117	23.9296	0.1338	0.2374	2.086	893.2544	1
810	3845	2812	2812	880	126	24.2723	0.1386	0.2471	2.3111	950.0569	1
810	3756	2787	2787	815	114	24.176	0.1243	0.2325	2.1156	873.2311	1
810	3795	2771	2771	859	124	24.6791	0.1291	0.2322	2.1352	881.1143	1
810	3682	2761	2761	788	110	24.7431	0.1302	0.245	2.3855	902.1662	1
810	3886	2767	2767	943	135	23.9141	0.127	0.2277	1.9675	885.0336	1
810	3728	2759	2759	816	118	24.0198	0.1313	0.2436	2.2005	908.065	1
810	3837	2780	2780	890	136	24.1467	0.1272	0.2319	2.0367	889.8214	1
810	3680	2746	2746	796	116	23.997	0.131	0.2475	2.1016	910.6602	1
810	3790	2770	2770	869	118	24.3757	0.1353	0.2443	2.4506	925.9552	1
810	3911	2786	2786	944	139	24.022	0.1355	0.2365	2.27	925.1447	1
810	3688	2766	2766	770	116	24.1177	0.1262	0.2377	2.1626	876.5642	1
810	3667	2752	2752	766	115	23.9501	0.1239	0.24	2.222	879.9686	1
810	3781	2762	2762	852	130	24.1563	0.1191	0.2202	1.864	832.6391	1
810	3845	2766	2766	905	137	24.3329	0.1236	0.2238	1.9443	860.5782	1
810	3807	2748	2748	901	121	24.3459	0.1228	0.2221	2.0128	845.6189	1
810	3738	2776	2776	821	113	24.0388	0.1187	0.2227	1.9684	832.5575	1
810	3826	2783	2783	872	129	24.1312	0.1179	0.2155	1.8903	824.6095	1
810	3834	2749	2749	940	110	24.9784	0.1215	0.2237	1.9482	857.5084	1
810	3712	2759	2759	796	125	24.0299	0.1193	0.226	1.986	838.9065	1
810	3825	2775	2775	877	133	24.1182	0.1253	0.2281	1.9732	872.5021	1
