CL	Tot_q	top_lvl_q	gen_q	fs_q	fc_q	avg|q|	gen_time	avg_t	max_t	tot_t	conv
1128	2297	1542	1542	455	117	16.3169	0.1763	0.4052	1.8851	930.8242	1
1128	2258	1536	1536	425	119	15.9699	0.1714	0.4049	1.7827	914.2961	1
1128	2227	1536	1536	425	103	16.3736	0.1676	0.4067	1.7872	905.766	1
1128	2262	1542	1542	459	115	16.8081	0.17	0.4082	1.9954	923.2411	1
1128	2172	1557	1557	382	113	17.0773	0.1664	0.4193	1.8431	910.6684	1
1128	2281	1538	1538	407	121	15.5568	0.1801	0.4143	1.9297	945.0204	1
1128	2283	1534	1534	424	122	15.8647	0.1676	0.3987	1.7685	910.199	1
1128	2205	1560	1560	387	106	16.5306	0.1648	0.4105	1.7785	905.254	1
1128	2194	1553	1553	378	106	16.5223	0.1811	0.4299	1.9052	943.2399	1
1128	2286	1537	1537	439	114	15.7183	0.1736	0.4029	1.7751	920.9206	1
1128	2164	1551	1551	372	97	16.9732	0.1722	0.4257	1.8258	921.1544	1
1128	2291	1543	1543	420	125	15.6923	0.1875	0.4183	1.8887	958.2847	1
1128	2239	1544	1544	422	108	16.1648	0.157	0.3946	1.7934	883.484	1
1128	2191	1534	1534	390	121	16.2652	0.1587	0.4054	1.8165	888.1525	1
1128	2217	1553	1553	383	94	15.8787	0.1457	0.3853	1.7321	854.2225	1
1128	2174	1556	1556	361	84	16.3671	0.1442	0.3919	1.7364	852.045	1
1128	2243	1552	1552	408	95	16.0807	0.146	0.3809	1.7404	854.3201	1
1128	2090	1557	1557	339	90	17.1967	0.1433	0.407	1.7483	850.6496	1
1128	2220	1551	1551	363	89	15.7279	0.1479	0.3861	1.7122	857.1423	1
1128	2135	1555	1555	342	87	16.5026	0.1432	0.3982	1.7354	850.1531	1
1128	2165	1545	1545	358	90	16.2055	0.1452	0.3932	1.7423	851.2706	1
1128	2179	1557	1557	334	90	16.067	0.1449	0.3915	1.7349	853.0034	1
