CL	Tot_q	top_lvl_q	gen_q	fs_q	fc_q	avg|q|	gen_time	avg_t	max_t	tot_t	conv
885	3584	3544	3544	30	9	25.2031	0.1537	0.2989	1.4972	1071.4253	1
885	3608	3542	3542	58	8	25.2575	0.1802	0.3213	1.9432	1159.2416	1
885	3624	3549	3549	60	13	25.1843	0.1824	0.3454	2.9118	1251.5612	1
885	3654	3541	3541	93	18	25.3697	0.1883	0.3419	2.4416	1249.3388	1
885	3620	3543	3543	63	13	25.329	0.1796	0.3227	2.0474	1168.0522	1
885	3637	3537	3537	80	18	25.2266	0.1931	0.3325	2.3101	1209.1841	1
885	3602	3533	3533	56	12	25.2785	0.1763	0.3293	1.9488	1185.9874	1
885	3599	3541	3541	47	10	25.254	0.2008	0.3673	2.3878	1321.9088	1
885	3608	3546	3546	48	11	25.4637	0.2033	0.3695	2.252	1333.0558	1
885	3617	3547	3547	58	11	25.3813	0.2249	0.3827	2.1882	1384.1965	1
885	3606	3544	3544	52	10	25.4404	0.2058	0.3545	1.8939	1278.1627	1
