CL	Tot_q	top_lvl_q	gen_q	fs_q	fc_q	avg|q|	gen_time	avg_t	max_t	tot_t	conv
200	2534	652	652	1658	224	30.7068	0.1837	0.0552	1.1527	139.9889	1
200	2590	647	647	1724	219	31.5228	0.2019	0.0601	1.2187	155.6002	1
200	2551	645	645	1675	231	31.1948	0.1976	0.0592	1.2589	151.0483	1
200	2426	641	641	1566	219	31.512	0.1822	0.0577	1.1611	139.948	1
200	2621	640	640	1742	239	31.7913	0.1913	0.0549	1.1543	143.9295	1
200	2548	653	653	1665	230	31.0192	0.1963	0.0593	1.1492	151.0206	1
200	2528	641	641	1664	223	30.7785	0.1886	0.0565	1.1625	142.7887	1
200	2595	660	660	1704	231	30.2135	0.1941	0.0579	1.2198	150.146	1
200	2570	652	652	1702	216	31.0588	0.1978	0.0592	1.2328	152.0856	1
200	2498	654	654	1625	219	31.1173	0.1923	0.0594	1.2108	148.487	1
200	2474	648	648	1604	222	30.9555	0.1949	0.06	1.2378	148.4297	1
200	2547	662	662	1668	217	31.1095	0.1993	0.0618	1.2559	157.4634	1
200	2604	652	652	1732	220	31.159	0.1812	0.0535	1.2327	139.3199	1
200	2471	644	644	1619	208	31.4217	0.1713	0.0531	1.1794	131.098	1
200	2517	658	658	1627	232	31.2431	0.1674	0.0512	1.1473	128.9645	1
200	2608	649	649	1729	230	31.6729	0.1617	0.0475	1.0972	124.0026	1
200	2492	644	644	1624	224	30.7368	0.1733	0.0522	1.1578	130.1875	1
200	2482	650	650	1608	224	30.7425	0.172	0.0526	1.1237	130.4608	1
200	2432	640	640	1579	213	30.8692	0.1683	0.0517	1.1225	125.8446	1
200	2578	662	662	1691	225	30.7971	0.1651	0.0496	1.1278	127.8698	1
200	2603	663	663	1725	215	31.0841	0.1613	0.0483	1.1223	125.7774	1
200	2548	643	643	1688	217	30.987	0.1664	0.0492	1.1267	125.4449	1
