CL	Tot_q	top_lvl_q	gen_q	fs_q	fc_q	avg|q|	gen_time	avg_t	max_t	tot_t	conv
200	8777	7743	7743	815	219	38.1025	0.1818	0.1662	1.3689	1459.0402	1
200	8827	7790	7790	814	223	38.1595	0.2181	0.1991	1.4691	1757.14	1
200	8789	7795	7795	767	227	38.1932	0.2289	0.2098	1.7019	1844.2257	1
200	8904	7825	7825	851	228	37.9871	0.2197	0.1999	1.4945	1779.7832	1
200	8856	7778	7778	845	233	38.1381	0.2249	0.2042	1.6822	1808.7028	1
200	8837	7809	7809	813	215	38.1693	0.2326	0.2127	1.6783	1879.2406	1
200	8793	7812	7812	757	224	38.102	0.2237	0.2054	1.6696	1806.0299	1
200	8901	7804	7804	864	233	38.0879	0.2654	0.2405	1.7612	2140.649	1
200	8858	7761	7761	864	233	38.209	0.2657	0.2408	1.6521	2133.2226	1
200	8914	7799	7799	891	224	38.4271	0.2672	0.2416	1.726	2153.3053	1
200	8841	7778	7778	837	226	38.2707	0.202	0.1837	1.4958	1623.8385	1
