CL	Tot_q	top_lvl_q	gen_q	fs_q	fc_q	avg|q|	gen_time	avg_t	max_t	tot_t	conv
810	1680	1420	1420	214	32	17.1655	0.5615	0.8222	2.5411	1381.3615	1
810	1748	1412	1412	282	38	16.8913	0.5872	0.8096	2.9208	1415.1059	1
810	1782	1419	1419	291	44	17.0325	0.6182	0.8183	2.9896	1458.161	1
810	1731	1424	1424	262	32	16.8302	0.6045	0.8571	2.5721	1483.5968	1
810	1773	1421	1421	290	43	17.6983	0.5513	0.7702	2.5236	1365.633	1
810	1716	1419	1419	251	32	16.7762	0.5637	0.8128	2.8843	1394.7652	1
810	1757	1419	1419	286	34	17.1446	0.5538	0.7854	3.6264	1380.0269	1
810	1696	1419	1419	229	28	16.7553	0.548	0.796	2.2422	1349.9616	1
810	1680	1430	1430	207	26	16.6917	0.5413	0.7935	2.3218	1333.055	1
810	1686	1420	1420	211	35	16.5231	0.5182	0.7699	2.7084	1298.0372	1
810	1731	1435	1435	240	41	16.6834	0.5045	0.7345	2.5727	1271.4539	1
