CL	Tot_q	top_lvl_q	gen_q	fs_q	fc_q	avg|q|	gen_time	avg_t	max_t	tot_t	conv
811	2047	1440	1440	534	55	18.6663	0.5662	0.689	3.0716	1410.3665	1
811	2069	1435	1435	544	53	18.0043	0.6477	0.7373	3.261	1525.4488	1
811	2148	1442	1442	601	63	19.0009	0.6004	0.6663	2.7306	1431.2914	1
811	2024	1430	1430	501	59	17.7806	0.5905	0.7097	3.2327	1436.4556	1
811	2241	1445	1445	679	79	19.4824	0.6546	0.6875	3.9417	1540.607	1
811	1964	1437	1437	458	48	18.0341	0.5903	0.7284	2.7649	1430.5531	1
811	1952	1430	1430	454	42	18.103	0.5745	0.7006	2.6877	1367.5126	1
811	2061	1450	1450	523	52	18.0529	0.5231	0.6243	2.4553	1286.7824	1
811	2079	1440	1440	548	65	18.2487	0.5478	0.63	2.6915	1309.7455	1
811	2103	1432	1432	585	63	19.2102	0.5812	0.6551	2.7652	1377.7395	1
811	2088	1436	1436	572	54	18.8673	0.5752	0.657	3.0384	1371.8439	1
