CL	Tot_q	top_lvl_q	gen_q	fs_q	fc_q	avg|q|	gen_time	avg_t	max_t	tot_t	conv
811	5555	1146	1146	3816	355	17.8635	2.8542	0.7093	9.1277	3939.9198	1
811	5759	1135	1135	3972	383	17.9885	2.8327	0.6786	9.5984	3908.0647	1
811	6099	1159	1159	4298	435	17.4504	2.8908	0.6667	9.6002	4066.0404	1
811	5731	1113	1113	3986	417	18.0958	2.7988	0.6607	9.3503	3786.5352	1
811	6113	1105	1105	4283	431	17.3147	2.8318	0.6227	9.273	3806.4945	1
811	5797	1138	1138	3931	417	17.6277	2.8201	0.668	9.4128	3872.5721	1
811	5871	1145	1145	4068	400	17.1775	2.848	0.671	9.2771	3939.7136	1
811	6022	1142	1142	4240	412	17.9998	2.8514	0.6551	9.3131	3945.3111	1
811	5762	1120	1120	3928	394	17.5144	2.8421	0.6668	9.5624	3842.1644	1
811	5948	1132	1132	4113	425	17.6569	2.8746	0.6645	9.4296	3952.1951	1
