CL	Tot_q	top_lvl_q	gen_q	fs_q	fc_q	avg|q|	gen_time	avg_t	max_t	tot_t	conv
885	5505	5185	5185	280	7	37.455	0.1151	0.2121	1.7961	1167.8076	1
885	5511	5181	5181	319	7	37.6676	0.1201	0.2063	1.7602	1136.7501	1
885	5473	5175	5175	280	3	37.5026	0.1123	0.1995	1.682	1091.8131	1
885	5488	5186	5186	292	1	37.4745	0.1082	0.1941	1.2989	1065.308	1
885	5501	5182	5182	309	9	37.473	0.1236	0.2084	1.8663	1146.2799	1
885	5483	5171	5171	299	7	37.5862	0.1095	0.1963	1.7411	1076.0668	1
885	5502	5180	5180	290	1	37.3651	0.1095	0.2055	1.5301	1130.4559	1
885	5472	5180	5180	277	1	37.4991	0.1175	0.2104	1.3853	1151.1942	1
885	5531	5181	5181	336	5	37.356	0.1104	0.1999	1.4069	1105.6006	1
885	5440	5175	5175	224	2	37.7597	0.1124	0.2035	1.8496	1107.1049	1
885	5572	5180	5180	367	14	37.0905	0.1192	0.2104	1.8657	1172.5552	1
885	5500	5185	5185	285	1	37.4069	0.1132	0.2021	1.4563	1111.516	1
885	5507	5194	5194	283	2	37.4307	0.1067	0.2035	1.4147	1120.9146	1
885	5422	5169	5169	223	0	37.8779	0.1028	0.1993	1.3674	1080.5987	1
885	5470	5180	5180	259	1	37.6174	0.0977	0.1963	1.3111	1073.6979	1
885	5494	5185	5185	294	1	37.536	0.0916	0.1812	1.0585	995.5046	1
885	5434	5193	5193	236	1	37.8546	0.0915	0.1796	1.08	975.995	1
885	5496	5177	5177	309	3	37.6097	0.0918	0.1779	1.3134	977.5945	1
885	5459	5182	5182	257	1	37.7053	0.0915	0.1832	1.1433	1000.2091	1
885	5459	5177	5177	278	0	37.7064	0.0918	0.1827	1.0618	997.1488	1
885	5457	5177	5177	272	0	37.7191	0.0913	0.1799	1.1083	981.4623	1
885	5463	5172	5172	278	3	37.7203	0.0916	0.1844	1.8774	1007.5289	1
