CL	Tot_q	top_lvl_q	gen_q	fs_q	fc_q	avg|q|	gen_time	avg_t	max_t	tot_t	conv
811	5812	1134	1134	4050	408	18.0193	0.2722	0.144	2.0794	836.9997	1
811	5918	1138	1138	4095	391	17.9158	0.2815	0.1452	2.1763	859.5709	1
811	6012	1171	1171	4225	382	17.6104	0.2856	0.1505	2.245	904.5803	1
811	5747	1107	1107	4017	389	18.1121	0.2907	0.1593	2.3394	915.222	1
811	5885	1137	1137	4000	430	18.0612	0.3131	0.1673	2.3795	984.4523	1
811	5825	1161	1161	4171	372	18.1827	0.2847	0.1568	2.0821	913.3332	1
811	5708	1164	1164	4056	355	18.3262	0.2754	0.1535	1.9295	876.1266	1
811	5687	1128	1128	3909	409	17.7563	0.2844	0.1527	2.1498	868.2265	1
811	5696	1143	1143	3897	400	18.0212	0.2812	0.1509	2.2371	859.7986	1
811	5611	1133	1133	3901	354	17.6992	0.2749	0.1528	2.1192	857.2492	1
811	5946	1165	1165	4227	369	18.2102	0.2627	0.1464	2.1893	870.2615	1
811	5757	1099	1099	4013	395	18.822	0.2961	0.1503	2.1033	865.2658	1
811	5516	1117	1117	3739	388	17.934	0.2892	0.1634	2.3903	901.5318	1
811	5816	1114	1114	4037	423	18.2691	0.2846	0.1482	2.1334	861.6624	1
811	5745	1132	1132	3998	384	18.2973	0.2949	0.1549	2.3294	890.1632	1
811	5970	1141	1141	4165	391	17.5169	0.2809	0.1589	2.299	948.7495	1
811	5787	1118	1118	3954	418	17.2077	0.2845	0.1531	2.0818	886.0756	1
811	6019	1122	1122	4230	376	18.0287	0.2735	0.1451	2.117	873.1145	1
811	5628	1127	1127	3889	386	18.7013	0.305	0.1594	2.2337	897.0385	1
811	5683	1134	1134	3928	411	18.1432	0.2916	0.1581	2.2249	898.5454	1
811	5805	1133	1133	3976	406	18.0713	0.2765	0.1473	1.9702	855.0348	1
