CL	Tot_q	top_lvl_q	gen_q	fs_q	fc_q	avg|q|	gen_time	avg_t	max_t	tot_t	conv
200	2515	656	656	1637	222	31.9396	0.9969	0.3001	3.488	754.7162	1
200	2498	642	642	1630	226	31.0737	0.9759	0.2892	2.8286	722.39	1
200	2547	654	654	1663	230	31.7099	1.0872	0.3223	3.4172	820.8609	1
200	2566	653	653	1677	236	31.403	1.1383	0.3359	3.6454	862.0333	1
200	2554	660	660	1679	215	30.9244	1.129	0.3385	3.3853	864.5001	1
200	2575	650	650	1704	221	31.4878	1.0628	0.31	3.1545	798.1716	1
200	2570	651	651	1698	221	31.5903	0.9884	0.2871	3.621	737.794	1
200	2506	668	668	1631	207	30.7793	0.913	0.2788	2.7213	698.5828	1
200	2530	656	656	1649	225	31.6494	0.9442	0.281	2.963	710.8582	1
200	2570	650	650	1692	228	31.2743	1.0382	0.3049	3.4041	783.6235	1
