CL	Tot_q	top_lvl_q	gen_q	fs_q	fc_q	avg|q|	gen_time	avg_t	max_t	tot_t	conv
200	3012	1136	1136	1660	216	34.3811	21.1304	8.4099	67.4295	25330.7255	1
200	2912	1043	1043	1624	245	33.1209	22.1473	8.3846	64.7973	24415.9317	1
200	2846	1098	1098	1530	218	33.2829	21.8353	8.8893	63.6163	25298.9094	1
200	2864	1072	1072	1582	210	33.8726	21.7975	8.6184	61.5324	24683.0067	1
200	2956	1044	1044	1688	224	34.6485	21.9663	8.2139	61.0379	24280.3244	1
200	2855	1076	1076	1562	217	33.4571	22.3542	8.8883	63.1183	25376.141	1
200	3024	1116	1116	1691	217	34.3492	21.667	8.4339	64.2826	25503.9934	1
200	2878	1048	1048	1595	235	34.2766	23.0486	8.8555	66.1567	25486.0375	1
200	2970	1112	1112	1641	217	34.2162	21.6247	8.5452	66.0356	25379.3793	1
200	2878	1058	1058	1602	218	33.9812	20.8676	8.1196	59.1812	23368.1172	1
