CL	Tot_q	top_lvl_q	gen_q	fs_q	fc_q	avg|q|	gen_time	avg_t	max_t	tot_t	conv
810	5714	1147	1147	3933	367	16.9622	2.5461	0.6263	8.3958	3578.6909	1
810	5617	1101	1101	3863	359	17.8182	2.5168	0.6161	7.7921	3460.3809	1
810	5790	1091	1091	4021	387	17.4995	2.5554	0.5979	8.2031	3461.6754	1
810	5563	1127	1127	3793	355	17.0622	2.4521	0.6144	8.3566	3417.8761	1
810	5483	1107	1107	3801	340	17.7146	2.5338	0.6316	7.8633	3463.3202	1
810	5721	1118	1118	3963	350	18.7223	2.4632	0.6043	8.0084	3456.9379	1
810	5659	1092	1092	3846	392	17.4571	2.5031	0.5994	7.9883	3392.1731	1
810	5802	1101	1101	4037	401	17.8166	2.4669	0.5856	8.2472	3397.7131	1
810	5475	1071	1071	3710	385	18.9101	2.486	0.606	8.0858	3317.7111	1
810	5676	1139	1139	3876	368	17.1617	2.5431	0.6282	8.0166	3565.4273	1
