CL	Tot_q	top_lvl_q	gen_q	fs_q	fc_q	avg|q|	gen_time	avg_t	max_t	tot_t	conv
885	2683	2401	2401	241	40	24.5307	0.7646	0.8961	3.0936	2404.2258	1
885	2623	2406	2406	176	30	24.4506	0.7695	0.9669	3.2801	2536.0758	1
885	2587	2410	2410	148	23	24.5157	0.7565	0.9557	4.0943	2472.3672	1
885	2729	2395	2395	276	42	25.1528	0.7538	0.8918	3.7038	2433.7015	1
885	2630	2410	2410	184	28	24.4517	0.7909	0.9518	3.7009	2503.1438	1
885	2720	2405	2405	258	42	24.4397	0.7756	0.9243	3.5037	2514.0494	1
885	2585	2419	2419	140	22	24.2901	0.7117	0.9022	2.9518	2332.3124	1
885	2684	2398	2398	239	44	24.807	0.6979	0.8355	3.3534	2242.6114	1
885	2667	2406	2406	214	35	24.8118	0.7014	0.8731	3.5565	2328.6082	1
885	2579	2406	2406	137	25	24.4362	0.6953	0.9041	2.7863	2331.7745	1
885	2679	2403	2403	228	42	24.4864	0.7033	0.8633	3.2669	2312.8118	1
