CL	Tot_q	top_lvl_q	gen_q	fs_q	fc_q	avg|q|	gen_time	avg_t	max_t	tot_t	conv
50	713	394	394	247	72	19.021	0.1118	0.0781	0.7712	55.7141	1
50	771	401	401	288	82	18.738	0.1523	0.1005	1.2267	77.4766	1
50	720	394	394	251	75	19.0528	0.1451	0.0993	1.3473	71.483	1
50	728	398	398	255	75	19.3777	0.1417	0.0996	1.0891	72.5073	1
50	713	400	400	238	75	18.6059	0.1312	0.0917	0.9546	65.3693	1
50	765	395	395	294	76	18.8967	0.1475	0.0967	1.3674	73.9688	1
50	777	396	396	302	79	18.5972	0.1498	0.0955	1.0762	74.2038	1
50	670	398	398	202	70	18.5657	0.2097	0.1549	1.9272	103.7888	1
50	722	387	387	258	77	19.5942	0.1828	0.1244	1.2796	89.8307	1
50	753	390	390	286	77	18.9748	0.1858	0.1212	1.5379	91.2498	1
50	745	403	403	272	70	18.7208	0.1246	0.0841	1.0475	62.6548	1
