CL	Tot_q	top_lvl_q	gen_q	fs_q	fc_q	avg|q|	gen_time	avg_t	max_t	tot_t	conv
811	3904	2819	2819	913	147	24.3179	0.1549	0.244	2.0426	952.6935	1
811	3863	2864	2864	853	128	24.7903	0.1793	0.2734	2.2168	1056.168	1
811	4060	2865	2865	1025	152	23.9899	0.1904	0.2682	2.4718	1088.8369	1
811	3883	2837	2837	888	135	24.4244	0.1782	0.2657	2.1772	1031.6931	1
811	3920	2865	2865	895	144	24.2395	0.1821	0.2687	2.295	1053.4681	1
811	3957	2830	2830	954	137	23.9454	0.1742	0.265	2.2301	1048.7614	1
811	4014	2855	2855	995	143	24.4965	0.1948	0.2754	2.5934	1105.5528	1
811	3863	2844	2844	863	127	24.1729	0.1807	0.2757	2.4656	1064.8919	1
811	3933	2853	2853	920	138	24.3997	0.2041	0.2909	2.9892	1144.1385	1
811	3937	2848	2848	924	143	24.0582	0.1878	0.2766	2.2321	1089.1492	1
811	3924	2855	2855	880	150	24.1068	0.1668	0.2547	2.2976	999.4212	1
