CL	Tot_q	top_lvl_q	gen_q	fs_q	fc_q	avg|q|	gen_time	avg_t	max_t	tot_t	conv
885	6942	1883	1883	4458	340	24.9042	0.2561	0.1577	2.2058	1094.8629	1
885	6759	1872	1872	4355	332	25.4749	0.2661	0.1589	2.1851	1073.7736	1
885	6623	1900	1900	4340	355	27.2884	0.2693	0.1599	1.9757	1059.1604	1
885	6767	1853	1853	4371	352	26.1456	0.2693	0.1609	2.0251	1088.658	1
885	7036	1876	1876	4468	382	24.6777	0.2391	0.1517	2.3326	1067.0512	1
885	6753	1889	1889	4461	358	25.9693	0.2627	0.1536	1.9411	1037.4864	1
885	6778	1835	1835	4255	367	24.0844	0.2528	0.1639	2.3525	1111.1129	1
885	7008	1909	1909	4549	340	25.1126	0.2662	0.1614	2.2395	1131.2863	1
885	6630	1860	1860	4313	354	26.6647	0.2796	0.1629	2.1999	1080.1297	1
885	6843	1901	1901	4392	341	25.5864	0.2745	0.1597	1.9254	1092.8137	1
885	6712	1859	1859	4327	352	25.6795	0.2507	0.1529	1.8349	1026.445	1
885	6684	1886	1886	4289	328	24.7255	0.3034	0.1723	2.1141	1151.7517	1
885	6595	1933	1933	4063	324	24.8854	0.2715	0.1705	1.9017	1124.622	1
885	7007	1856	1856	4485	382	25.0187	0.2542	0.1595	2.1787	1117.6761	1
885	6839	1859	1859	4467	364	27.4995	0.2535	0.1482	1.9292	1013.615	1
885	6681	1909	1909	4312	368	26.1132	0.253	0.1522	2.2557	1016.6269	1
885	6887	1865	1865	4384	392	24.6306	0.2651	0.1587	2.1571	1093.3111	1
885	6447	1840	1840	4072	340	25.8337	0.2584	0.1626	2.1148	1048.4142	1
885	6560	1867	1867	4260	340	26.2288	0.2863	0.1636	2.1119	1072.8932	1
885	6580	1873	1873	4214	359	26.8628	0.2692	0.1723	2.2812	1133.6513	1
885	6731	1903	1903	4392	371	25.3475	0.243	0.1468	1.9577	988.3776	1
