CL	Tot_q	top_lvl_q	gen_q	fs_q	fc_q	avg|q|	gen_time	avg_t	max_t	tot_t	conv
50	805	284	284	417	104	21.5429	0.1275	0.0533	0.7453	42.92	1
50	795	281	281	418	96	21.7497	0.1447	0.0607	1.283	48.2586	1
50	750	276	276	367	107	21.9373	0.1337	0.0581	0.9488	43.5785	1
50	802	278	278	427	97	22.2282	0.1368	0.0563	0.9271	45.1723	1
50	743	282	282	361	100	21.3459	0.1196	0.0532	0.9634	39.5625	1
50	737	274	274	375	88	22.4288	0.1463	0.065	1.0893	47.9269	1
50	758	278	278	385	95	22.0646	0.1254	0.0543	0.8274	41.1485	1
50	827	282	282	448	97	21.6385	0.1311	0.0529	0.9085	43.7107	1
50	785	283	283	401	101	20.9439	0.134	0.0571	1.1912	44.8001	1
50	756	279	279	383	94	22.1772	0.128	0.056	0.9579	42.372	1
50	760	277	277	394	89	22.3316	0.1252	0.0537	0.9416	40.8194	1
50	736	279	279	357	100	21.8152	0.1344	0.0611	1.0128	45.0049	1
50	786	285	285	399	102	21.6361	0.1208	0.0523	1.0867	41.1399	1
50	794	286	286	412	96	20.9849	0.119	0.0507	0.7604	40.255	1
50	790	281	281	405	104	21.2481	0.11	0.0464	0.8108	36.6918	1
50	778	284	284	386	108	21.4075	0.104	0.0455	0.6706	35.3672	1
50	806	279	279	425	102	21.464	0.1059	0.0437	0.5258	35.2034	1
50	778	282	282	400	96	21.2789	0.1052	0.0453	0.5559	35.2785	1
50	764	275	275	391	98	22.7906	0.1035	0.0448	0.496	34.1973	1
50	760	272	272	392	96	22.5132	0.1045	0.0449	0.6193	34.0916	1
50	764	275	275	391	98	22.1165	0.1056	0.0453	0.5115	34.6055	1
50	783	282	282	399	102	22.1673	0.1025	0.0443	0.5058	34.6841	1
