CL	Tot_q	top_lvl_q	gen_q	fs_q	fc_q	avg|q|	gen_time	avg_t	max_t	tot_t	conv
200	2538	641	641	1665	232	31.894	0.1745	0.0579	1.0758	146.9022	1
200	2483	640	640	1623	220	30.6355	0.1657	0.0568	1.0975	141.0342	1
200	2451	649	649	1584	218	31.1404	0.1781	0.0626	1.1044	153.4142	1
200	2543	637	637	1682	224	31.8962	0.2084	0.0713	1.1585	181.367	1
200	2496	660	660	1606	230	29.3161	0.1992	0.0694	1.2453	173.2464	1
200	2456	653	653	1593	210	30.6018	0.1682	0.0586	1.0728	144.0241	1
200	2541	646	646	1666	229	31.0433	0.182	0.0595	1.14	151.2161	1
200	2523	635	635	1665	223	31.4499	0.1744	0.0589	1.2759	148.6156	1
200	2568	657	657	1689	222	31.2508	0.1976	0.0681	1.1383	174.8805	1
200	2593	643	643	1730	220	32.103	0.1764	0.0567	1.0987	147.0133	1
200	2435	634	634	1581	220	32.4669	0.1678	0.0578	1.0766	140.6984	1
200	2448	637	637	1602	209	31.7439	0.1722	0.0597	1.1869	146.1726	1
200	2403	639	639	1547	217	31.3446	0.1916	0.0686	1.1082	164.8246	1
200	2512	648	648	1624	240	30.8288	0.1966	0.0679	1.1475	170.5172	1
200	2575	642	642	1700	233	32.2668	0.2023	0.068	1.133	175.0105	1
200	2494	651	651	1624	219	31.1059	0.1873	0.0653	1.116	162.8573	1
200	2511	641	641	1642	228	32.9124	0.1691	0.0572	1.1303	143.7078	1
200	2537	638	638	1672	227	30.7375	0.1839	0.0603	1.0744	153.0832	1
200	2532	639	639	1675	218	32.2547	0.1847	0.0624	1.0942	158.0329	1
200	2510	638	638	1657	215	30.9506	0.1658	0.0545	1.0848	136.7436	1
200	2559	658	658	1681	220	30.7624	0.1726	0.0576	1.1078	147.5195	1
