CL	Tot_q	top_lvl_q	gen_q	fs_q	fc_q	avg|q|	gen_time	avg_t	max_t	tot_t	conv
810	5591	1093	1093	3874	388	17.6062	0.2807	0.1615	2.2912	903.1353	1
810	5546	1093	1093	3776	398	17.6882	0.2951	0.1646	2.2059	913.1431	1
810	5743	1146	1146	3966	367	16.9859	0.255	0.1508	1.9564	866.2958	1
810	5662	1099	1099	3897	402	17.61	0.2729	0.1542	2.2084	873.3351	1
810	5527	1138	1138	3734	373	17.2124	0.2781	0.1611	2.0298	890.2368	1
810	5662	1173	1173	3908	370	17.6205	0.2856	0.1644	2.3951	930.9644	1
810	5632	1153	1153	3949	351	17.8736	0.2727	0.1616	2.2872	910.3463	1
810	5804	1128	1128	3975	418	17.0481	0.2741	0.1491	2.437	865.1452	1
810	5691	1111	1111	3877	379	17.7097	0.2863	0.1564	2.3588	890.2958	1
810	5645	1139	1139	3825	384	17.6574	0.2663	0.1556	2.2203	878.3238	1
810	5657	1137	1137	3855	370	17.6638	0.2675	0.1563	2.3762	884.26	1
810	5837	1139	1139	4106	394	18.3125	0.3028	0.1631	2.3893	952.2186	1
810	5751	1105	1105	3994	396	17.5437	0.2761	0.154	2.2899	885.7395	1
810	5491	1104	1104	3761	364	17.91	0.2598	0.1528	2.1	839.0479	1
810	5553	1110	1110	3778	411	17.6629	0.2941	0.1671	2.373	928.0315	1
810	5941	1117	1117	4173	392	17.4994	0.2704	0.1494	2.412	887.8806	1
810	5563	1111	1111	3825	352	17.783	0.294	0.1692	2.3016	941.4594	1
810	5612	1096	1096	3824	415	17.5895	0.3015	0.1676	2.2633	940.6335	1
810	5777	1133	1133	4014	404	18.0429	0.2752	0.1534	2.2659	886.3585	1
810	5847	1110	1110	4049	421	17.9494	0.2736	0.1499	2.1381	876.2709	1
810	5807	1128	1128	4061	381	17.8039	0.2544	0.1456	2.1168	845.4165	1
