CL	Tot_q	top_lvl_q	gen_q	fs_q	fc_q	avg|q|	gen_time	avg_t	max_t	tot_t	conv
50	779	390	390	306	83	19.1797	0.1212	0.0752	0.9705	58.5712	1
50	752	388	388	281	83	19.2766	0.132	0.0849	1.1281	63.8085	1
50	727	392	392	259	76	19.2655	0.1223	0.0822	0.9804	59.7769	1
50	709	400	400	234	75	19.0	0.1346	0.095	1.4469	67.3635	1
50	737	391	391	272	74	18.4654	0.1233	0.0807	0.9622	59.4838	1
50	807	382	382	334	91	19.9802	0.1181	0.0701	0.8301	56.5932	1
50	685	399	399	221	65	18.4146	0.11	0.0799	0.8009	54.705	1
50	721	386	386	258	77	18.3925	0.1148	0.0767	0.7595	55.3291	1
50	675	396	396	209	70	18.9822	0.1085	0.0797	0.8964	53.7743	1
50	717	398	398	249	70	18.5607	0.1129	0.078	0.8557	55.9387	1
50	689	404	404	221	64	18.3512	0.1092	0.0798	0.7514	54.96	1
