CL	Tot_q	top_lvl_q	gen_q	fs_q	fc_q	avg|q|	gen_time	avg_t	max_t	tot_t	conv
885	3599	3547	3547	44	8	25.2209	0.152	0.1611	1.4965	579.826	1
885	3604	3553	3553	43	8	25.2286	0.1658	0.1752	1.529	631.5485	1
885	3584	3540	3540	33	11	25.1956	0.1687	0.1786	1.775	639.9323	1
885	3616	3553	3553	51	12	25.2011	0.1683	0.1774	1.838	641.6333	1
885	3582	3545	3545	31	6	25.2909	0.1645	0.1746	1.6882	625.399	1
885	3618	3541	3541	63	14	25.1219	0.1649	0.1735	1.8216	627.7398	1
885	3586	3543	3543	33	10	25.2462	0.1516	0.1609	1.4971	577.0459	1
885	3571	3541	3541	23	7	25.226	0.1518	0.1617	1.5015	577.3763	1
885	3581	3542	3542	31	8	25.1533	0.1503	0.1598	1.5151	572.2242	1
885	3606	3545	3545	49	12	25.2429	0.1524	0.1609	1.5873	580.3157	1
885	3601	3552	3552	39	10	25.1808	0.1527	0.1618	1.4968	582.4637	1
