CL	Tot_q	top_lvl_q	gen_q	fs_q	fc_q	avg|q|	gen_time	avg_t	max_t	tot_t	conv
1128	3360	1912	1912	804	644	15.0565	0.2289	0.1385	1.2947	465.4751	1
1128	3459	1865	1865	953	641	14.484	0.2483	0.1431	1.433	494.8235	1
1128	3358	1904	1904	851	603	14.4291	0.2382	0.1441	1.3396	483.8552	1
1128	3305	1893	1893	802	610	14.5371	0.2506	0.153	1.4597	505.7994	1
1128	3353	1911	1911	854	588	15.0048	0.233	0.1413	1.4042	473.7011	1
1128	3333	1924	1924	804	605	15.0642	0.2166	0.1332	1.2885	443.9237	1
1128	3315	1922	1922	771	622	14.7394	0.2274	0.14	1.2772	464.0436	1
1128	3298	1907	1907	750	641	14.7862	0.2264	0.1393	1.2734	459.2487	1
1128	3401	1939	1939	852	610	15.0832	0.2239	0.1357	1.2806	461.3975	1
1128	3299	1914	1914	777	608	14.8406	0.2239	0.1381	1.2941	455.4509	1
