CL	Tot_q	top_lvl_q	gen_q	fs_q	fc_q	avg|q|	gen_time	avg_t	max_t	tot_t	conv
811	4009	2878	2878	987	144	24.1125	0.1647	0.1246	1.3027	499.6829	1
811	3946	2857	2857	953	136	24.54	0.1684	0.1289	1.7117	508.4748	1
811	4060	2894	2894	1012	154	24.781	0.1672	0.1261	1.5237	511.9643	1
811	3856	2832	2832	897	127	24.3436	0.1659	0.1288	1.6	496.7599	1
811	4108	2876	2876	1072	160	23.9379	0.1717	0.1276	1.6054	524.0224	1
811	3941	2859	2859	945	137	24.3116	0.1636	0.1255	1.3273	494.6975	1
811	4018	2881	2881	986	151	24.2994	0.1621	0.1227	1.4001	493.1028	1
811	3938	2888	2888	897	153	24.5206	0.1576	0.1222	1.3148	481.0643	1
811	3893	2874	2874	880	139	24.2885	0.1585	0.1236	1.3115	481.049	1
811	3928	2887	2887	914	127	24.4613	0.1568	0.1217	1.3278	478.2245	1
811	3841	2850	2850	864	127	24.3733	0.157	0.1231	1.3173	472.9278	1
