CL	Tot_q	top_lvl_q	gen_q	fs_q	fc_q	avg|q|	gen_time	avg_t	max_t	tot_t	conv
810	3761	2848	2848	801	112	24.9809	0.1534	0.1229	1.3148	462.0556	1
810	3815	2875	2875	816	124	24.7418	0.1629	0.1294	1.419	493.747	1
810	3759	2840	2840	792	127	24.2894	0.167	0.1335	1.5159	501.8233	1
810	3779	2851	2851	799	129	24.4226	0.1665	0.1329	1.4911	502.1011	1
810	3844	2872	2872	835	137	24.3348	0.1656	0.131	1.5297	503.3849	1
810	3767	2864	2864	787	116	24.5681	0.1648	0.1326	1.416	499.5595	1
810	3853	2880	2880	857	116	24.6442	0.1562	0.1233	1.3136	475.2432	1
810	3709	2850	2850	755	104	24.2985	0.1578	0.128	1.351	474.6177	1
810	3839	2883	2883	830	126	24.3824	0.1583	0.1255	1.3194	481.7648	1
810	3786	2863	2863	800	123	24.4437	0.1547	0.1237	1.3271	468.1864	1
810	3811	2855	2855	829	127	24.5043	0.1542	0.1222	1.314	465.5355	1
