CL	Tot_q	top_lvl_q	gen_q	fs_q	fc_q	avg|q|	gen_time	avg_t	max_t	tot_t	conv
200	8880	7788	7788	852	240	38.0672	0.1796	0.1625	1.3205	1442.8832	1
200	8680	7724	7724	744	212	38.037	0.198	0.1813	1.4521	1573.5869	1
200	8851	7745	7745	877	229	37.8715	0.1967	0.1772	1.8015	1568.091	1
200	8850	7768	7768	843	239	38.1663	0.1938	0.175	1.6334	1548.8373	1
200	8829	7798	7798	804	227	38.0434	0.1991	0.1809	1.4205	1597.5551	1
200	8816	7746	7746	836	234	38.2979	0.1797	0.1628	1.5831	1435.4506	1
200	8744	7738	7738	782	224	38.2005	0.1816	0.1656	1.3304	1447.7065	1
200	8847	7827	7827	795	225	38.1318	0.1806	0.1647	1.3351	1456.9757	1
200	8793	7769	7769	802	222	38.3165	0.1782	0.1623	1.5736	1427.0123	1
200	8888	7817	7817	840	231	38.2193	0.1792	0.1624	1.3328	1443.6484	1
200	8835	7781	7781	830	224	38.4284	0.1798	0.1632	1.3801	1441.9303	1
