CL	Tot_q	top_lvl_q	gen_q	fs_q	fc_q	avg|q|	gen_time	avg_t	max_t	tot_t	conv
885	5528	2455	2455	2946	127	29.7073	0.1769	0.0831	1.1691	459.3324	1
885	5350	2433	2433	2785	132	29.9701	0.1757	0.0845	1.176	452.2057	1
885	5406	2455	2455	2826	125	30.5261	0.1764	0.0847	1.1153	458.0158	1
885	5400	2470	2470	2799	131	30.237	0.1725	0.0835	1.1436	450.8417	1
885	5802	2438	2438	3204	160	30.7906	0.1696	0.0758	1.1136	439.6102	1
885	5487	2445	2445	2885	157	31.1117	0.1754	0.0829	1.1157	454.6166	1
885	5349	2406	2406	2774	169	31.028	0.1783	0.0849	1.1214	454.3833	1
885	5579	2484	2484	2954	141	30.0855	0.1785	0.084	1.1194	468.7158	1
885	5439	2461	2461	2818	160	29.7994	0.1813	0.0867	1.1131	471.7722	1
885	5541	2443	2443	2944	154	31.0108	0.1711	0.0801	1.1112	443.7517	1
