CL	Tot_q	top_lvl_q	gen_q	fs_q	fc_q	avg|q|	gen_time	avg_t	max_t	tot_t	conv
200	2595	647	647	1729	219	31.7218	0.1699	0.0467	1.0813	121.1152	1
200	2570	663	663	1680	227	30.7066	0.1718	0.0487	1.0829	125.1953	1
200	2545	641	641	1679	225	31.2974	0.1716	0.0476	1.1209	121.1301	1
200	2515	655	655	1641	219	31.6366	0.1596	0.0459	1.081	115.4717	1
200	2510	647	647	1647	216	30.5088	0.1623	0.0462	1.1292	115.9483	1
200	2592	649	649	1718	225	30.7164	0.1691	0.0466	1.0783	120.776	1
200	2578	637	637	1708	233	31.6257	0.181	0.0491	1.0998	126.6297	1
200	2632	645	645	1757	230	31.9943	0.1715	0.0463	1.0838	121.9808	1
200	2449	646	646	1585	218	30.6068	0.166	0.0482	1.0813	118.0186	1
200	2496	646	646	1621	229	30.3618	0.1672	0.0477	1.105	118.985	1
