CL	Tot_q	top_lvl_q	gen_q	fs_q	fc_q	avg|q|	gen_time	avg_t	max_t	tot_t	conv
810	4908	1677	1677	3019	212	21.0348	0.2033	0.0731	1.0932	358.7271	1
810	4736	1709	1709	2821	206	19.9766	0.2054	0.0778	1.1234	368.4963	1
810	4889	1823	1823	2876	190	21.1332	0.2577	0.0997	1.0903	487.5375	1
810	4698	1821	1821	2698	179	20.8199	0.2493	0.1003	1.1003	471.2514	1
810	4948	1815	1815	2936	197	21.4596	0.2532	0.0965	1.1234	477.5325	1
810	4834	1819	1819	2842	173	21.9201	0.251	0.0981	1.1445	474.2108	1
810	4699	1817	1817	2707	175	20.5642	0.2465	0.099	1.1402	465.0207	1
810	4914	1834	1834	2884	196	20.7869	0.255	0.0987	1.129	485.2304	1
810	4887	1799	1799	2906	182	21.8281	0.2434	0.0933	1.1185	455.7147	1
810	4651	1806	1806	2660	185	21.963	0.2573	0.1037	1.1072	482.2285	1
