CL	Tot_q	top_lvl_q	gen_q	fs_q	fc_q	avg|q|	gen_time	avg_t	max_t	tot_t	conv
50	762	280	280	387	95	22.147	0.1073	0.0462	1.0042	35.1846	1
50	767	278	278	388	101	22.0665	0.1048	0.0446	0.4966	34.2464	1
50	811	281	281	425	105	21.2836	0.1079	0.0437	0.6113	35.4458	1
50	792	276	276	415	101	22.3497	0.1039	0.0427	0.5086	33.8292	1
50	740	276	276	366	98	21.8284	0.1059	0.0463	0.5954	34.291	1
50	746	277	277	379	90	21.9115	0.1043	0.0454	0.5147	33.8963	1
50	756	283	283	375	98	21.9206	0.1024	0.0453	0.5875	34.2202	1
50	746	275	275	376	95	22.1542	0.1032	0.045	0.5348	33.5742	1
50	775	281	281	393	101	21.671	0.1016	0.0435	0.5272	33.6939	1
50	762	281	281	383	98	21.479	0.1057	0.0456	0.5385	34.736	1
