CL	Tot_q	top_lvl_q	gen_q	fs_q	fc_q	avg|q|	gen_time	avg_t	max_t	tot_t	conv
1128	2170	1388	1388	635	147	17.1585	0.1683	0.115	1.1341	249.6411	1
1128	2055	1388	1388	550	117	17.0579	0.1672	0.1204	1.0939	247.3278	1
1128	2182	1397	1397	638	147	16.9496	0.1761	0.1201	1.1032	262.1001	1
1128	2088	1392	1392	559	137	16.7562	0.1702	0.121	1.0996	252.7447	1
1128	2039	1392	1392	521	126	17.4414	0.1705	0.124	1.0904	252.8889	1
1128	2094	1387	1387	573	134	17.4145	0.1685	0.1191	1.1108	249.4671	1
1128	2059	1383	1383	541	135	17.0981	0.1713	0.1227	1.1309	252.7112	1
1128	2101	1396	1396	574	131	16.5792	0.1721	0.1218	1.1119	255.9572	1
1128	2139	1382	1382	613	144	17.3254	0.1655	0.1144	1.1008	244.794	1
