CL	Tot_q	top_lvl_q	gen_q	fs_q	fc_q	avg|q|	gen_time	avg_t	max_t	tot_t	conv
811	4940	1637	1637	3082	221	21.1514	0.2248	0.0781	1.1499	385.7947	1
811	4881	1653	1653	2993	235	20.79	0.2033	0.0725	1.0938	354.0623	1
811	5040	1801	1801	3027	212	20.3927	0.2814	0.1042	1.1713	525.0539	1
811	4960	1774	1774	2990	196	20.7756	0.2668	0.099	1.095	490.991	1
811	4918	1763	1763	2955	200	21.5653	0.2586	0.0964	1.1498	474.093	1
811	5039	1789	1789	3034	216	21.0929	0.2642	0.0974	1.1338	490.733	1
811	5093	1776	1776	3092	225	21.109	0.2604	0.0944	1.1265	480.7678	1
811	4938	1790	1790	2946	202	20.6896	0.2742	0.103	1.0894	508.8484	1
811	4970	1787	1787	2964	219	21.0495	0.2561	0.0957	1.09	475.8285	1
811	4921	1771	1771	2941	209	21.1099	0.2535	0.0949	1.0929	466.939	1
