CL	Tot_q	top_lvl_q	gen_q	fs_q	fc_q	avg|q|	gen_time	avg_t	max_t	tot_t	conv
200	6708	5315	5315	1169	224	32.2352	0.2075	0.1709	1.5454	1146.2905	1
200	6707	5354	5354	1129	224	32.3543	0.2057	0.1707	1.6228	1144.8107	1
200	6715	5379	5379	1109	227	32.5011	0.201	0.1671	1.4895	1122.2102	1
200	6726	5328	5328	1170	228	32.1143	0.2129	0.1752	1.5966	1178.5247	1
200	6645	5337	5337	1082	226	32.2436	0.204	0.1699	1.7033	1129.0655	1
200	6721	5333	5333	1160	228	32.0735	0.1977	0.1626	1.4621	1092.811	1
200	6724	5392	5392	1107	225	32.193	0.2014	0.1676	1.6609	1126.7232	1
200	6667	5303	5303	1132	232	32.4284	0.1999	0.1651	1.6023	1100.8986	1
200	6569	5290	5290	1064	215	32.1056	0.2013	0.1682	1.5896	1104.9548	1
200	6761	5378	5378	1153	230	32.4665	0.2045	0.169	1.6469	1142.3755	1
200	6636	5340	5340	1072	224	31.9885	0.2049	0.1716	1.6312	1138.6247	1
200	6682	5421	5421	1038	223	32.2956	0.2139	0.1799	1.534	1202.3864	1
200	6728	5349	5349	1157	222	32.3714	0.2043	0.1684	1.8219	1133.1267	1
200	6723	5382	5382	1114	227	32.5362	0.209	0.1736	1.5379	1166.912	1
200	6715	5339	5339	1146	230	32.028	0.2137	0.1764	1.6356	1184.382	1
200	6723	5389	5389	1108	226	32.3217	0.2073	0.1725	1.6942	1159.8739	1
200	6757	5363	5363	1167	227	32.2618	0.2065	0.17	1.5272	1148.8522	1
200	6626	5339	5339	1064	223	32.5625	0.2153	0.18	1.6554	1192.7933	1
200	6620	5286	5286	1120	214	32.392	0.2172	0.1797	1.7792	1189.6383	1
200	6720	5372	5372	1117	231	32.1911	0.2108	0.1748	1.6889	1174.5236	1
200	6794	5367	5367	1204	223	32.7016	0.2151	0.1762	1.5303	1197.0093	1
