CL	Tot_q	top_lvl_q	gen_q	fs_q	fc_q	avg|q|	gen_time	avg_t	max_t	tot_t	conv
811	3955	2862	2862	949	144	24.3224	0.1907	0.1466	1.5734	579.9122	1
811	4004	2883	2883	986	135	24.036	0.1892	0.1446	1.7736	579.1603	1
811	4023	2863	2863	1005	155	24.4638	0.1971	0.1494	1.6581	601.1172	1
811	4048	2838	2838	1065	145	24.6937	0.1784	0.1327	1.5396	537.3222	1
811	3933	2859	2859	941	133	24.4523	0.1834	0.142	1.7015	558.3813	1
811	3920	2839	2839	932	149	24.027	0.1841	0.1418	1.6671	555.6666	1
811	4076	2864	2864	1047	165	24.683	0.1849	0.1377	1.7199	561.2957	1
811	3875	2848	2848	888	139	24.3592	0.1842	0.1438	1.6128	557.2116	1
811	4012	2860	2860	996	156	24.6398	0.1958	0.1482	1.7602	594.6963	1
811	3895	2842	2842	921	132	24.2416	0.1792	0.1386	1.6545	540.023	1
811	4023	2856	2856	1014	153	24.3003	0.1973	0.1487	1.7726	598.1868	1
811	3870	2842	2842	888	140	24.4297	0.1903	0.1483	1.639	574.068	1
811	4005	2861	2861	999	145	23.8554	0.2001	0.152	1.6372	608.8667	1
811	3908	2844	2844	934	130	24.1505	0.1931	0.149	1.6071	582.1519	1
811	3873	2851	2851	883	139	24.2923	0.1897	0.1484	1.5449	574.8645	1
811	3920	2841	2841	941	138	24.5666	0.191	0.1469	1.6693	575.7119	1
811	3959	2852	2852	958	149	24.243	0.1921	0.1467	1.6591	580.7819	1
811	3962	2857	2857	969	136	24.741	0.1936	0.148	1.6275	586.3286	1
811	4094	2887	2887	1049	158	24.9304	0.1887	0.1414	1.7114	578.8415	1
811	4032	2876	2876	1002	154	24.2205	0.196	0.1488	1.6226	599.8533	1
811	3856	2839	2839	887	130	24.195	0.1882	0.1473	1.6509	568.0153	1
