CL	Tot_q	top_lvl_q	gen_q	fs_q	fc_q	avg|q|	gen_time	avg_t	max_t	tot_t	conv
1128	2715	1341	1341	974	400	15.3691	0.2953	0.1581	1.614	429.302	1
1128	2794	1318	1318	1029	447	15.1378	0.2941	0.1515	1.5324	423.2941	1
1128	2729	1347	1347	959	423	14.7908	0.3063	0.1632	1.5261	445.2491	1
1128	2655	1317	1317	901	437	14.9032	0.288	0.155	1.5398	411.5316	1
1128	2682	1324	1324	941	417	14.8975	0.2798	0.1498	1.5774	401.7779	1
1128	2647	1343	1343	893	411	15.2992	0.3003	0.1658	1.7834	438.7485	1
1128	2820	1320	1320	1090	410	15.3638	0.2828	0.1433	1.5202	404.2087	1
1128	2623	1329	1329	884	410	15.3183	0.2949	0.162	1.5317	424.8543	1
1128	2750	1326	1326	1000	424	15.1131	0.2996	0.1573	1.6535	432.7025	1
1128	2573	1314	1314	878	381	15.8049	0.285	0.1582	1.5769	407.0335	1
1128	2641	1313	1313	911	417	15.6055	0.2862	0.1549	1.5654	409.1892	1
1128	2720	1338	1338	965	417	15.4004	0.2958	0.1587	1.5717	431.778	1
1128	2651	1330	1330	923	398	15.387	0.3038	0.1661	1.4747	440.4505	1
1128	2701	1336	1336	944	421	14.8608	0.2964	0.1593	1.5062	430.398	1
1128	2717	1325	1325	969	423	15.0254	0.3028	0.1611	1.5272	437.6386	1
1128	2721	1322	1322	1005	394	15.3444	0.2937	0.1568	1.6546	426.5801	1
1128	2655	1324	1324	938	393	15.2328	0.2938	0.1596	1.4307	423.7046	1
1128	2753	1326	1326	1016	411	15.3069	0.2911	0.1523	1.4573	419.3367	1
1128	2794	1325	1325	1034	435	14.806	0.2934	0.1516	1.5361	423.4824	1
1128	2642	1316	1316	923	403	14.8316	0.2917	0.1583	1.5688	418.352	1
1128	2791	1324	1324	1038	429	14.6997	0.2955	0.1532	1.6734	427.587	1
