CL	Tot_q	top_lvl_q	gen_q	fs_q	fc_q	avg|q|	gen_time	avg_t	max_t	tot_t	conv
50	769	388	388	297	84	19.9324	0.1465	0.0915	1.1747	70.3718	1
50	758	404	404	280	74	18.6253	0.1455	0.0948	1.2918	71.8904	1
50	743	398	398	271	74	18.611	0.1601	0.1054	1.3648	78.2815	1
50	776	394	394	302	80	19.192	0.1571	0.099	1.3576	76.7924	1
50	790	405	405	308	77	19.1304	0.1664	0.1053	1.2284	83.1897	1
50	764	408	408	278	78	19.6492	0.1455	0.0954	1.3746	72.8548	1
50	740	393	393	269	78	19.3716	0.154	0.1015	1.2921	75.1222	1
50	710	402	402	240	68	18.7817	0.1367	0.095	1.0133	67.4784	1
50	725	400	400	255	70	18.9517	0.1439	0.0985	1.3329	71.4282	1
50	763	392	392	296	75	19.0039	0.1643	0.1028	1.3382	78.4395	1
50	737	401	401	263	73	18.6269	0.1493	0.0988	1.494	72.8498	1
50	736	398	398	267	71	18.3261	0.1552	0.1035	1.3674	76.1692	1
50	711	415	415	223	73	18.3502	0.1583	0.1137	1.2615	80.8421	1
50	711	409	409	239	63	18.1519	0.1557	0.1103	1.1689	78.4557	1
50	750	412	412	261	77	18.092	0.1549	0.1033	1.3713	77.5104	1
50	756	393	393	290	73	19.0847	0.1837	0.1165	1.4799	88.0708	1
50	739	411	411	254	74	18.3816	0.1472	0.0999	1.3557	73.7939	1
50	777	404	404	292	81	18.7658	0.1633	0.105	1.3115	81.5716	1
50	755	396	396	282	77	18.9073	0.1638	0.1066	1.2829	80.4554	1
50	730	404	404	257	69	18.7123	0.1582	0.1071	1.1064	78.1639	1
50	736	403	403	259	74	19.5489	0.143	0.0983	1.5221	72.3132	1
