CL	Tot_q	top_lvl_q	gen_q	fs_q	fc_q	avg|q|	gen_time	avg_t	max_t	tot_t	conv
810	3744	2862	2862	761	121	24.5791	0.1864	0.1519	1.7283	568.6218	1
810	3884	2863	2863	896	125	24.5461	0.1923	0.1512	1.6658	587.1393	1
810	3780	2852	2852	796	132	24.3058	0.1806	0.1448	1.5153	547.1868	1
810	3829	2869	2869	831	129	24.5565	0.1729	0.1377	1.521	527.3747	1
810	3790	2841	2841	829	120	24.1992	0.1854	0.1474	1.7371	558.72	1
810	3907	2849	2849	932	126	24.5398	0.1852	0.1434	1.6607	560.183	1
810	3908	2882	2882	889	137	24.5243	0.1835	0.1433	1.6473	560.0467	1
810	3733	2867	2867	752	114	24.5695	0.1824	0.1488	1.6018	555.4385	1
810	3725	2851	2851	756	118	24.5034	0.1841	0.1493	1.6482	556.3174	1
810	3859	2863	2863	858	138	24.4797	0.195	0.1544	1.6796	595.7463	1
810	3806	2834	2834	845	127	24.542	0.1753	0.1386	1.5909	527.5855	1
810	3800	2852	2852	823	125	24.2771	0.1946	0.1557	1.6276	591.6444	1
810	3835	2859	2859	857	119	24.9823	0.192	0.1522	1.8035	583.824	1
810	3709	2833	2833	746	130	23.972	0.1812	0.1469	1.5338	544.8214	1
810	3781	2846	2846	823	112	24.5139	0.1868	0.1492	1.7184	564.2178	1
810	3706	2856	2856	745	105	24.6263	0.1923	0.157	1.695	581.9527	1
810	3761	2843	2843	794	124	24.4791	0.1866	0.1493	1.6974	561.694	1
810	3943	2871	2871	934	138	24.4882	0.194	0.1497	1.8769	590.3118	1
810	3841	2859	2859	860	122	24.5009	0.2012	0.1593	1.6317	611.8651	1
810	3822	2861	2861	839	122	24.1096	0.199	0.1583	1.7237	605.0674	1
810	3791	2845	2845	832	114	24.3706	0.18	0.1435	1.6036	544.1703	1
