CL	Tot_q	top_lvl_q	gen_q	fs_q	fc_q	avg|q|	gen_time	avg_t	max_t	tot_t	conv
885	3429	3320	3320	89	20	24.8376	0.1875	0.1938	1.8383	664.4843	1
885	3412	3326	3326	72	14	24.9467	0.1891	0.1969	2.0021	671.9052	1
885	3369	3322	3322	39	8	24.7985	0.196	0.2061	1.8476	694.4741	1
885	3381	3324	3324	46	11	24.7344	0.2044	0.2149	1.9321	726.577	1
885	3397	3331	3331	53	13	25.0106	0.2021	0.2119	1.856	719.6844	1
885	3387	3323	3323	52	12	24.7045	0.2013	0.2107	1.9979	713.5117	1
885	3405	3329	3329	64	12	24.8758	0.2187	0.2284	1.9669	777.6808	1
885	3432	3326	3326	89	17	25.0708	0.1978	0.2047	1.7923	702.5445	1
885	3447	3318	3318	111	18	25.2565	0.2043	0.2101	1.8905	724.2962	1
885	3434	3331	3331	89	14	24.9517	0.2006	0.2077	1.7716	713.2111	1
885	3418	3326	3326	77	15	24.7042	0.1976	0.2054	1.7873	702.1698	1
885	3504	3333	3333	141	30	25.5411	0.2431	0.2468	2.3899	864.6746	1
885	3547	3309	3309	203	35	25.6758	0.2574	0.2567	2.1214	910.5871	1
885	3435	3328	3328	86	21	24.9103	0.1937	0.2005	1.9548	688.7108	1
885	3408	3319	3319	72	17	25.0681	0.2056	0.2136	1.9167	728.1114	1
885	3442	3320	3320	102	20	24.9791	0.2085	0.2147	2.0821	739.0501	1
885	3432	3326	3326	88	18	25.0897	0.2019	0.2086	1.8223	715.9733	1
885	3444	3332	3332	96	16	25.009	0.2052	0.2122	1.8813	730.7948	1
885	3395	3324	3324	60	11	25.0038	0.2089	0.219	1.8626	743.6167	1
885	3429	3335	3335	79	15	24.9729	0.2023	0.2101	1.7604	720.2722	1
885	3384	3322	3322	49	13	24.8336	0.2005	0.2102	1.8013	711.3778	1
885	3438	3312	3312	104	22	25.5122	0.2056	0.2118	1.9312	728.2835	1
