CL	Tot_q	top_lvl_q	gen_q	fs_q	fc_q	avg|q|	gen_time	avg_t	max_t	tot_t	conv
200	2604	662	662	1712	230	30.9697	0.1497	0.0467	1.0352	121.5091	1
200	2564	640	640	1696	228	30.3701	0.1574	0.0479	1.0398	122.7007	1
200	2539	649	649	1667	223	29.8153	0.1549	0.0482	1.0388	122.4451	1
200	2619	641	641	1748	230	30.281	0.1686	0.0498	1.0693	130.4927	1
200	2540	645	645	1664	231	30.9343	0.164	0.0503	1.039	127.7261	1
200	2449	642	642	1591	216	30.9147	0.1551	0.0495	1.0368	121.1729	1
200	2515	659	659	1630	226	31.0716	0.1634	0.0515	1.0369	129.6464	1
200	2632	642	642	1752	238	30.9764	0.1633	0.0482	1.0373	126.7754	1
200	2530	660	660	1645	225	31.3937	0.158	0.0499	1.0389	126.2327	1
200	2437	637	637	1583	217	30.7563	0.1554	0.0495	1.0358	120.6654	1
