CL	Tot_q	top_lvl_q	gen_q	fs_q	fc_q	avg|q|	gen_time	avg_t	max_t	tot_t	conv
810	5601	1204	1204	4082	315	18.6892	0.2544	0.0593	1.109	332.1213	1
810	5779	1229	1229	4222	328	18.5724	0.2659	0.061	1.0939	352.7999	1
810	5832	1201	1201	4295	336	19.1349	0.252	0.0564	1.1073	329.0081	1
810	5560	1225	1225	3992	343	18.0532	0.2629	0.0626	1.0877	347.8117	1
810	5876	1205	1205	4298	373	18.4076	0.2645	0.0588	1.1037	345.2304	1
810	5631	1207	1207	4094	330	18.7366	0.2636	0.0612	1.1019	344.744	1
810	5718	1178	1178	4205	335	18.8314	0.2457	0.0552	1.0838	315.6022	1
810	5630	1235	1235	4077	318	18.956	0.2535	0.0602	1.1127	339.1935	1
810	5797	1226	1226	4161	410	17.9018	0.2713	0.062	1.0839	359.5697	1
810	5611	1229	1229	4070	312	18.6822	0.2384	0.0568	1.1097	318.8019	1
