CL	Tot_q	top_lvl_q	gen_q	fs_q	fc_q	avg|q|	gen_time	avg_t	max_t	tot_t	conv
1128	5253	1150	1150	3353	750	10.9031	0.4418	0.1026	1.1052	539.1992	1
1128	5307	1163	1163	3404	740	10.8474	0.4422	0.1028	1.1262	545.3868	1
1128	5479	1156	1156	3592	731	11.1349	0.4361	0.0978	1.0877	535.596	1
1128	5700	1151	1151	3809	740	11.804	0.4313	0.0927	1.106	528.3721	1
1128	5250	1155	1155	3313	782	10.5373	0.444	0.1037	1.0888	544.3284	1
1128	5606	1162	1162	3650	794	10.6457	0.4374	0.0964	1.0693	540.1777	1
1128	5516	1163	1163	3580	773	10.8867	0.4334	0.0972	1.0832	536.0073	1
1128	5917	1161	1161	3970	786	11.385	0.4458	0.093	1.0637	550.5411	1
1128	5644	1151	1151	3733	760	11.489	0.4297	0.0933	1.0802	526.5637	1
1128	5519	1148	1148	3635	736	11.148	0.4471	0.0987	1.0635	544.8995	1
