CL	Tot_q	top_lvl_q	gen_q	fs_q	fc_q	avg|q|	gen_time	avg_t	max_t	tot_t	conv
811	5955	1210	1210	4399	346	19.8091	0.2514	0.0556	1.0995	331.0672	1
811	5919	1203	1203	4371	345	19.2066	0.2461	0.0545	1.1091	322.5512	1
811	5723	1195	1195	4180	348	18.9649	0.2429	0.0553	1.1125	316.728	1
811	5700	1216	1216	4150	334	18.9293	0.2609	0.0603	1.0906	343.5032	1
811	5710	1258	1258	4113	339	18.8224	0.268	0.0636	1.1024	363.4227	1
811	5828	1230	1230	4253	345	19.3919	0.2449	0.0563	1.1096	328.1557	1
811	5764	1214	1214	4200	350	18.3241	0.2562	0.0585	1.0955	337.2315	1
811	5566	1194	1194	4037	335	19.2075	0.2514	0.0586	1.1135	326.0143	1
811	5824	1202	1202	4274	348	19.0251	0.2566	0.0575	1.0954	335.0969	1
811	5697	1211	1211	4146	340	18.2036	0.2636	0.0606	1.0991	345.0289	1
