CL	Tot_q	top_lvl_q	gen_q	fs_q	fc_q	avg|q|	gen_time	avg_t	max_t	tot_t	conv
50	766	275	275	389	102	22.3303	0.0924	0.0473	0.6621	36.2168	1
50	753	287	287	376	90	21.6946	0.0901	0.0486	0.8	36.6128	1
50	805	278	278	423	104	21.9143	0.0943	0.0463	0.7318	37.2437	1
50	783	277	277	406	100	21.8008	0.0917	0.0463	0.7032	36.2868	1
50	767	274	274	395	98	22.2125	0.0917	0.0468	0.6464	35.9087	1
50	775	274	274	404	97	22.2387	0.0917	0.0464	0.4798	35.9331	1
50	791	278	278	417	96	22.2276	0.0916	0.0459	0.4924	36.2908	1
50	787	280	280	405	102	21.2147	0.0912	0.0464	0.4816	36.5085	1
50	798	278	278	416	104	22.0038	0.0937	0.0463	1.0275	36.9113	1
50	801	283	283	413	105	21.9301	0.0928	0.0465	0.5953	37.2353	1
