CL	Tot_q	top_lvl_q	gen_q	fs_q	fc_q	avg|q|	gen_time	avg_t	max_t	tot_t	conv
885	6415	1933	1933	4166	316	26.5177	0.2229	0.0737	1.1977	472.7187	1
885	6700	2025	2025	4313	362	25.0861	0.207	0.069	1.2057	462.1808	1
885	6674	1924	1924	4399	351	25.6423	0.2059	0.0658	1.1974	438.8615	1
885	6526	1975	1975	4191	360	26.7508	0.2133	0.0711	1.2029	464.1525	1
885	6431	1937	1937	4154	340	26.3264	0.211	0.0701	1.1975	450.9999	1
885	6449	1922	1922	4168	359	26.3073	0.213	0.0701	1.2031	452.3043	1
885	6654	1941	1941	4340	373	26.3117	0.2152	0.0692	1.1533	460.7859	1
885	6367	1910	1910	4115	342	27.0278	0.2045	0.0679	1.2012	432.5531	1
885	6637	1882	1882	4391	364	27.4716	0.2131	0.0669	1.1905	443.7038	1
885	6738	1924	1924	4418	396	26.419	0.213	0.0673	1.1944	453.4999	1
