CL	Tot_q	top_lvl_q	gen_q	fs_q	fc_q	avg|q|	gen_time	avg_t	max_t	tot_t	conv
200	2521	647	647	1654	220	30.3745	0.9989	0.2678	3.0069	675.005	1
200	2566	650	650	1678	238	31.7666	0.9774	0.2595	3.1486	665.9475	1
200	2490	655	655	1626	209	30.9406	0.9866	0.2715	3.2896	676.0452	1
200	2425	660	660	1545	220	29.9856	1.0844	0.3092	3.5541	749.9198	1
200	2565	661	661	1676	228	30.894	1.0109	0.272	3.0898	697.7638	1
200	2507	651	651	1634	222	30.5241	1.1173	0.3033	3.8717	760.4692	1
200	2516	655	655	1643	218	30.6804	0.9918	0.2701	3.0538	679.6502	1
200	2515	643	643	1649	223	30.631	1.0898	0.2914	3.8578	732.9578	1
200	2496	648	648	1623	225	30.2083	1.0284	0.2797	3.1177	698.2286	1
200	2561	643	643	1695	223	31.2136	1.0059	0.2645	2.9432	677.3958	1
200	2567	645	645	1677	245	30.0545	0.9913	0.2604	2.8576	668.5102	1
200	2638	656	656	1768	214	31.4701	0.8622	0.2233	2.66	589.0251	1
200	2512	649	649	1644	219	30.7002	0.8387	0.2258	2.6572	567.2577	1
