CL	Tot_q	top_lvl_q	gen_q	fs_q	fc_q	avg|q|	gen_time	avg_t	max_t	tot_t	conv
810	2425	1341	1341	1028	56	17.014	0.5384	0.3079	2.5866	746.5539	1
810	2489	1347	1347	1094	48	16.9626	0.5706	0.3191	2.2649	794.2696	1
810	2468	1354	1354	1066	48	16.3306	0.5392	0.3051	2.3251	753.1066	1
810	2417	1351	1351	1027	39	16.8759	0.563	0.325	2.2432	785.5189	1
810	2386	1348	1348	987	51	16.4619	0.6201	0.3634	2.6957	866.9719	1
810	2421	1356	1356	1014	51	16.5799	0.5722	0.3311	2.319	801.6567	1
810	2387	1340	1340	1005	42	16.8785	0.615	0.3572	3.0109	852.7081	1
810	2450	1357	1357	1049	44	17.2016	0.5719	0.3272	2.3508	801.5551	1
810	2453	1364	1364	1032	57	16.2621	0.5986	0.3445	2.2461	845.1597	1
810	2516	1346	1346	1126	44	16.8712	0.5824	0.3221	2.1828	810.4681	1
810	2428	1346	1346	1029	53	16.8488	0.5338	0.3058	2.3864	742.5982	1
810	2497	1351	1351	1099	47	16.9527	0.5232	0.292	2.2974	729.0011	1
810	2445	1350	1350	1044	51	16.4978	0.5074	0.289	1.9752	706.626	1
