CL	Tot_q	top_lvl_q	gen_q	fs_q	fc_q	avg|q|	gen_time	avg_t	max_t	tot_t	conv
50	732	278	278	369	85	22.1585	0.3431	0.1466	1.2967	107.3366	1
50	760	284	284	397	79	22.6303	0.3845	0.1615	1.7011	122.7227	1
50	756	278	278	389	89	22.2354	0.3799	0.1585	1.6898	119.8234	1
50	768	285	285	399	84	22.4049	0.3769	0.1583	1.5703	121.5661	1
50	824	284	284	453	87	22.1432	0.4771	0.1864	1.9493	153.6191	1
50	776	291	291	402	83	21.5515	0.3903	0.1645	1.512	127.6646	1
50	786	280	280	421	85	22.7087	0.4996	0.1996	1.9077	156.889	1
50	752	286	286	384	82	22.0612	0.3758	0.16	1.5869	120.314	1
50	774	279	279	411	84	21.823	0.5221	0.213	1.9868	164.8974	1
50	731	274	274	372	85	22.7565	0.3666	0.1554	1.4989	113.6105	1
50	783	283	283	424	76	21.4815	0.3739	0.1545	1.3399	120.9693	1
50	788	286	286	415	87	21.7411	0.3822	0.1562	1.3618	123.1184	1
50	764	279	279	401	84	22.5353	0.3174	0.1304	1.6602	99.6557	1
50	754	279	279	392	83	22.0875	0.3226	0.1342	1.144	101.2208	1
