CL	Tot_q	top_lvl_q	gen_q	fs_q	fc_q	avg|q|	gen_time	avg_t	max_t	tot_t	conv
885	3322	2327	2327	935	60	24.2697	0.6798	0.4891	2.9653	1624.6927	1
885	3465	2323	2323	1072	70	24.3336	0.7196	0.4966	2.7161	1720.756	1
885	3399	2301	2301	1040	58	24.3978	0.7157	0.4987	3.2718	1695.0355	1
885	3476	2333	2333	1077	66	24.5685	0.8706	0.6013	3.4397	2090.1999	1
885	3469	2295	2295	1106	68	24.3125	0.7447	0.5065	3.1156	1756.9351	1
885	3444	2308	2308	1071	65	24.4135	0.8223	0.5671	3.0702	1953.1466	1
885	3443	2348	2348	1038	57	24.1687	0.7438	0.521	3.0697	1793.8052	1
885	3365	2302	2302	1003	60	25.0199	0.822	0.579	3.2542	1948.2956	1
885	3364	2305	2305	1000	59	25.0309	0.7563	0.5329	3.344	1792.8405	1
885	3394	2311	2311	1013	70	24.8291	0.8113	0.5684	3.2966	1929.1873	1
885	3397	2324	2324	1015	58	23.8814	0.6935	0.4872	2.6675	1655.0789	1
885	3263	2303	2303	906	54	24.2639	0.6613	0.4788	2.8689	1562.2817	1
885	3283	2316	2316	913	54	24.7508	0.6533	0.4729	2.9459	1552.5771	1
