CL	Tot_q	top_lvl_q	gen_q	fs_q	fc_q	avg|q|	gen_time	avg_t	max_t	tot_t	conv
1128	2500	1284	1284	920	296	15.8164	0.519	0.2773	1.8972	693.2008	1
1128	2619	1296	1296	1016	307	15.6579	0.5312	0.2739	1.9829	717.4351	1
1128	2789	1294	1294	1175	320	15.602	0.6562	0.3197	2.1592	891.5068	1
1128	2659	1297	1297	1048	314	15.0214	0.5978	0.3045	1.9665	809.6215	1
1128	2693	1312	1312	1061	320	15.2804	0.6343	0.3238	2.2462	871.8839	1
1128	2712	1280	1280	1114	318	15.8938	0.5703	0.2812	1.9803	762.5008	1
1128	2656	1294	1294	1062	300	15.8524	0.6448	0.3292	1.9736	874.2934	1
1128	2666	1289	1289	1082	295	15.898	0.5728	0.2896	1.9769	772.1871	1
1128	2574	1298	1298	979	297	15.5338	0.535	0.2809	1.7706	723.0566	1
1128	2526	1291	1291	944	291	15.5249	0.5009	0.2656	1.7014	670.8255	1
1128	2509	1299	1299	918	292	15.2447	0.4876	0.2613	1.6402	655.55	1
