CL	Tot_q	top_lvl_q	gen_q	fs_q	fc_q	avg|q|	gen_time	avg_t	max_t	tot_t	conv
811	2731	1345	1345	1321	65	18.6375	0.5701	0.2901	2.3054	792.3721	1
811	2684	1357	1357	1272	55	18.2876	0.588	0.3072	2.2485	824.5928	1
811	2725	1363	1363	1296	66	18.5505	0.5855	0.3022	2.612	823.5959	1
811	2816	1352	1352	1384	80	18.63	0.6351	0.3155	2.5869	888.4614	1
811	2824	1359	1359	1389	76	18.5305	0.6735	0.3352	2.5568	946.5912	1
811	2891	1352	1352	1451	88	19.2241	0.6433	0.3109	2.6948	898.9186	1
811	2730	1360	1360	1288	82	17.7245	0.6746	0.3483	2.7378	950.9468	1
811	2757	1371	1371	1299	87	18.2303	0.6395	0.3281	2.4575	904.6763	1
811	2902	1360	1360	1461	81	18.6892	0.7236	0.3512	2.7692	1019.3057	1
811	2806	1362	1362	1365	79	18.6532	0.6081	0.3049	2.5291	855.5837	1
811	2836	1355	1355	1412	69	18.4965	0.5848	0.2882	2.2832	817.3569	1
811	2710	1366	1366	1291	53	18.5978	0.5223	0.2711	2.1863	734.5635	1
811	2721	1362	1362	1283	76	17.8225	0.5079	0.2616	1.9384	711.7103	1
