CL	Tot_q	top_lvl_q	gen_q	fs_q	fc_q	avg|q|	gen_time	avg_t	max_t	tot_t	conv
200	2922	1064	1064	1622	236	34.5609	22.2753	8.5652	64.494	25027.5141	1
200	2894	1070	1070	1609	215	34.4457	21.4272	8.3771	62.879	24243.3402	1
200	2918	1068	1068	1633	217	33.5401	21.582	8.3498	65.1969	24364.8029	1
200	2833	1074	1074	1532	227	33.862	22.2889	8.9169	67.0042	25261.6012	1
200	2956	1126	1126	1610	220	34.2771	21.5009	8.6349	63.5635	25524.7667	1
200	2890	1086	1086	1583	221	33.9554	21.4736	8.5295	64.1079	24650.3056	1
200	2964	1043	1043	1691	230	33.3337	21.8166	8.1213	68.0197	24071.5724	1
200	2981	1091	1091	1663	227	33.7618	22.4445	8.6587	63.9447	25811.6462	1
200	2982	1096	1096	1650	236	33.5044	21.0691	8.1878	67.4466	24416.1016	1
200	2972	1086	1086	1659	227	34.2231	22.8549	8.7954	62.8442	26139.9109	1
