CL	Tot_q	top_lvl_q	gen_q	fs_q	fc_q	avg|q|	gen_time	avg_t	max_t	tot_t	conv
810	5658	1177	1177	4166	315	18.8252	2.4714	0.5428	7.4665	3071.3802	1
810	5624	1211	1211	4106	307	18.3023	2.4804	0.563	7.6203	3166.5906	1
810	5574	1207	1207	4043	324	18.4704	2.5031	0.5712	7.4133	3183.6386	1
810	5836	1224	1224	4252	360	18.3113	2.4727	0.5466	7.4382	3190.1947	1
810	5594	1228	1228	4048	318	17.628	2.5455	0.5879	7.4022	3288.9775	1
810	5679	1190	1190	4151	338	18.694	2.4924	0.5508	7.562	3127.8235	1
810	5571	1191	1191	4067	313	18.7071	2.4649	0.556	7.2632	3097.4265	1
810	5669	1230	1230	4099	340	18.5744	2.4067	0.5503	7.2344	3119.6344	1
810	5687	1221	1221	4135	331	18.309	2.4201	0.5476	7.4642	3114.1262	1
810	5550	1203	1203	4005	342	18.7321	2.4609	0.5626	7.3413	3122.4554	1
