CL	Tot_q	top_lvl_q	gen_q	fs_q	fc_q	avg|q|	gen_time	avg_t	max_t	tot_t	conv
811	5897	1230	1230	4304	363	18.4692	2.8273	0.6208	9.0057	3660.8237	1
811	5737	1184	1184	4193	360	18.7873	2.8302	0.616	8.6931	3533.933	1
811	5820	1211	1211	4256	353	18.4694	2.8231	0.6187	8.6221	3601.0803	1
811	5634	1210	1210	4076	348	18.6633	2.784	0.63	8.914	3549.4601	1
811	5711	1182	1182	4207	322	19.5057	2.7866	0.6087	8.7861	3476.0014	1
811	5777	1204	1204	4211	362	19.0161	2.7988	0.6148	8.7532	3551.828	1
811	5749	1226	1226	4189	334	19.0567	2.834	0.6359	8.8927	3655.7766	1
811	5749	1211	1211	4151	387	18.1254	2.8845	0.6392	8.6865	3674.5242	1
811	5849	1230	1230	4266	353	18.5322	2.8131	0.6224	8.7338	3640.1802	1
811	5777	1221	1221	4226	330	19.3661	2.7998	0.6226	8.5668	3596.8146	1
