CL	Tot_q	top_lvl_q	gen_q	fs_q	fc_q	avg|q|	gen_time	avg_t	max_t	tot_t	conv
885	6508	1934	1934	4226	348	26.2638	5.9763	1.8618	20.9433	12116.3067	1
885	6523	1956	1956	4219	348	26.5968	5.9605	1.8712	20.2765	12205.6172	1
885	6540	1968	1968	4231	341	26.9116	5.9181	1.8634	19.5629	12186.686	1
885	6837	1957	1957	4528	352	25.6896	5.7696	1.7287	20.2265	11819.2903	1
885	6679	1956	1956	4380	343	27.1111	5.6319	1.7276	19.2968	11538.3421	1
885	6434	1934	1934	4125	375	27.2269	5.6131	1.7686	18.7455	11378.9789	1
885	6508	1926	1926	4238	344	27.0386	5.5147	1.7114	18.1723	11137.811	1
885	6464	1929	1929	4190	345	27.1228	5.7454	1.7969	17.3892	11615.2417	1
885	6610	1942	1942	4290	378	25.6935	5.6701	1.7468	18.4462	11546.2597	1
885	6493	1908	1908	4226	359	26.1902	5.9776	1.8419	18.8536	11959.6396	1
