CL	Tot_q	top_lvl_q	gen_q	fs_q	fc_q	avg|q|	gen_time	avg_t	max_t	tot_t	conv
50	781	276	276	405	100	21.5096	0.4433	0.1857	1.7439	145.0491	1
50	770	284	284	386	100	22.0494	0.449	0.1952	1.6656	150.2988	1
50	795	285	285	411	99	21.5094	0.4468	0.1888	1.6878	150.0927	1
50	770	275	275	398	97	22.3	0.4294	0.1829	1.6774	140.8373	1
50	760	270	270	392	98	22.7816	0.4462	0.1884	1.7139	143.1959	1
50	789	287	287	400	102	21.488	0.4383	0.1881	1.6851	148.4322	1
50	813	288	288	415	110	21.0406	0.4441	0.1854	1.6635	150.7146	1
50	778	281	281	393	104	22.1041	0.431	0.1849	1.6883	143.8724	1
50	784	280	280	409	95	22.2054	0.4337	0.1838	1.6134	144.0692	1
50	793	282	282	411	100	21.5977	0.4416	0.1854	1.7809	147.0139	1
