CL	Tot_q	top_lvl_q	gen_q	fs_q	fc_q	avg|q|	gen_time	avg_t	max_t	tot_t	conv
1128	5647	1153	1153	3746	748	11.7701	3.1784	0.6688	6.9975	3776.8383	1
1128	5357	1156	1156	3462	739	11.613	3.1759	0.7061	7.4031	3782.7028	1
1128	5504	1150	1150	3625	729	11.6121	3.1605	0.6806	6.8121	3745.9635	1
1128	5324	1160	1160	3424	740	10.8982	3.1518	0.7077	6.9741	3767.7612	1
1128	5551	1174	1174	3628	749	11.0007	3.154	0.6871	6.9037	3814.0525	1
1128	5626	1168	1168	3695	763	11.0039	3.1476	0.6733	6.7827	3788.1748	1
1128	5495	1168	1168	3541	786	11.2508	3.1485	0.6896	6.8794	3789.5236	1
1128	5332	1149	1149	3452	731	11.4841	3.1574	0.7012	6.7717	3738.6334	1
1128	5425	1152	1152	3510	763	11.7152	3.1502	0.6896	6.7504	3741.2781	1
1128	5420	1153	1153	3480	787	10.6491	3.163	0.6935	6.6712	3758.6237	1
